0
8192
7862
11412
10812
10220
9688
9202
8753
8333
7897
7520
7153
6891
6693
6536
10479
10328
10180
10034
9891
9750
9611
9473
9338
9204
9068
8934
8801
8668
8535
8403
8271
8141
8012
7883
7757
7631
7503
7375
7247
7119
6992
6864
6736
10703
10574
10445
10318
10191
10062
9932
9802
9672
9543
9413
9284
9155
9025
8895
8766
8638
8508
8378
8248
8118
7987
7856
7725
7594
7463
7332
7203
7074
11039
10908
10777
10646
10516
10386
10256
10126
9996
9866
9738
9611
9482
9354
9226
9098
8970
8842
8714
8585
8456
8327
8200
8073
7944
7815
7687
7559
7431
11399
11270
11140
11009
10879
10751
10622
10491
10359
10227
10095
9965
9836
9708
9580
9452
9324
9199
9075
8949
8823
8697
8572
8446
8319
8191
8063
7934
7805
7679
11649
11521
11392
11264
11137
11011
10885
10759
10633
10506
10379
10255
10131
10005
9879
9752
9625
9499
9373
9247
9121
8995
8869
8745
8621
8496
8371
8246
8120
12072
11927
11719
11505
11289
11070
10851
10629
10404
10178
9968
9759
9611
9469
9328
9189
9052
8917
8787
8659
8530
8401
8273
12241
12113
11986
11859
11733
11607
11480
11356
11232
11106
10982
10858
10733
10608
10483
10357
10231
10105
9979
9855
9731
9605
9478
9351
9224
9096
8960
8824
8688
12648
12511
12377
12244
12109
11975
11842
11718
11594
11469
11344
11220
11096
10971
10847
10723
10596
10469
10341
10131
9915
9696
9475
13348
13124
12898
12673
12447
12218
12071
11928
11786
11646
11509
11374
11240
11106
10972
10840
10708
10574
10441
10307
10171
10034
9898
9762
9625
9487
9348
13306
13166
13024
12883
12741
12600
12459
12319
12180
12042
11906
11772
11641
11509
11375
11241
11105
10969
10832
10694
10555
10416
10278
10140
10005
9870
9734
9599
9466
9334
9204
9074
8945
8817
8689
8563
8439
8315
8189
8064
7939
7815
7690
7565
7440
7315
7191
7067
6945
6822
6697
6573
6448
6323
6198
6073
5948
5824
5700
9672
9550
9427
9302
9177
9052
8926
8800
8674
8548
8421
8294
8168
8044
7920
7794
7668
7542
7416
7289
7163
7036
6909
6780
6651
6524
6396
6267
6138
10105
9975
9846
9717
9589
9462
9335
9209
9085
8961
8836
8711
8586
8461
8336
8211
8087
7932
7776
7619
7463
7308
7151
6994
6836
6678
6519
6391
10360
10234
10108
9981
9856
9730
9602
9474
9346
9218
9090
8962
8834
8707
8580
8454
8330
8206
8080
7954
7827
7700
7573
7446
7318
7190
7062
6935
6810
6685
10655
10528
10402
10276
10150
10025
9899
9773
9647
9521
9397
9272
9145
9018
8891
8764
8636
8508
8380
8252
8125
7999
7875
7751
7625
7498
7371
7244
7117
6990
10958
10830
10702
10574
10448
10323
10196
10069
9943
9817
9691
9566
9441
9316
9191
9066
8943
8820
8694
8567
8439
8312
8185
8057
7929
7802
7675
7547
7418
11385
11252
11116
10977
10837
10697
10556
10415
10275
10138
10001
9866
9733
9601
9470
9338
9207
9075
8943
8811
8680
8550
8421
8294
8167
8037
7906
7776
7646
11612
11482
11352
11222
11092
10962
10835
10707
10577
10447
10317
10188
10059
9930
9801
9672
9544
9417
9292
9167
9040
8912
8783
8654
8524
8394
8263
8132
8001
11967
11839
11712
11583
11455
11328
11202
11077
10952
10827
10702
10578
10454
10332
10210
10086
9961
9835
9707
9578
9449
9319
9189
9059
8929
8801
8674
8545
8417
8290
12259
12131
12003
11875
11746
11617
11487
11359
11229
11098
10967
10837
10707
10578
10449
10321
10194
10067
9942
9819
9696
9570
9444
9319
9194
9069
8944
8818
8693
8567
12536
12411
12285
12157
12029
11901
11773
11645
11517
11390
11263
11137
11010
10885
10758
10629
10499
10369
10238
10107
9976
9845
9715
9586
9458
9332
9207
9081
8955
12926
12801
12675
12549
12423
12297
12171
12045
11921
11797
11671
11544
11416
11288
11160
11032
10904
10776
10648
10520
10394
10269
10143
10017
9891
9765
9639
9513
9387
9261
13231
13104
12979
12855
12729
12603
12477
12350
12222
12093
11964
11835
11706
11577
11450
11323
11193
11064
10936
10809
10682
10555
10429
10303
10178
10053
9931
9809
9684
9559
9434
9309
9183
9056
8929
8801
8673
8545
8420
8295
8166
8038
7910
7783
7656
7530
7404
7278
7151
7023
6898
6772
6644
6516
6387
6258
6129
6000
5872
5744
9713
9586
9462
9338
9213
9087
8962
8837
8712
8587
8461
8336
8210
8083
7957
7832
7704
7576
7448
7320
7193
7066
6940
6815
6691
6567
6445
6323
6199
6075
10047
9922
9795
9668
9540
9411
9282
9152
9024
8896
8765
8635
8506
8377
8248
8119
7990
7863
7736
7610
7486
7362
7235
7110
6985
6861
6737
6612
6485
6358
10327
10199
10072
9945
9816
9686
9555
9426
9297
9169
9040
8911
8782
8652
8524
8396
8267
8138
8008
7877
7747
7616
7486
7357
7228
7099
6972
6845
6717
10686
10559
10433
10307
10181
10055
9928
9800
9671
9543
9413
9281
9149
9017
8885
8754
8624
8495
8367
8239
8111
7985
7859
7730
7601
7472
7343
7214
7085
6957
10926
10798
10670
10544
10418
10290
10161
10032
9903
9774
9645
9517
9388
9259
9130
9003
8876
8747
8618
8489
8360
8231
8103
7975
7847
7719
7591
7465
7339
11307
11179
11051
10922
10793
10663
10532
10401
10269
10137
10007
9877
9745
9613
9482
9351
9221
9091
8963
8835
8707
8579
8454
8329
8202
8075
7949
7823
7697
11666
11538
11411
11284
11156
11030
10904
10775
10646
10517
10390
10263
10136
10009
9882
9755
9629
9504
9378
9251
9123
8994
8865
8736
8607
8477
8347
8217
8088
7961
11931
11803
11675
11547
11419
11290
11161
11032
10903
10774
10646
10520
10394
10267
10140
10013
9886
9759
9633
9508
9383
9257
9132
9009
8886
8761
8636
8512
8387
8262
12233
12106
11978
11849
11718
11589
11458
11325
11192
11058
10924
10792
10661
10531
10402
10274
10148
10024
9900
9774
9649
9524
9399
9274
9149
9024
8898
8772
8646
8522
12495
12369
12241
12112
11983
11854
11726
11597
11468
11339
11210
11084
10959
10832
10706
10580
10454
10329
10204
10079
9954
9829
9704
9581
9457
9331
9206
