0.008333325386047363
0.0074549516042073565
0.012348175048828125
0.013572168350219727
0.01339411735534668
0.012033530644008092
0.010987728834152222
0.010167519251505533
0.009510374069213868
0.009863972663879395
0.008537006378173829
0.008309698104858399
0.005929088592529297
0.004469466209411621
0.0035363912582397463
0.003459000587463379
0.003408002853393555
0.003348112106323242
0.0032915115356445313
0.0032295942306518554
0.0031826019287109373
0.003128385543823242
0.0031199216842651366
0.003043508529663086
0.0030202150344848635
0.003067898750305176
0.0030284881591796874
0.0030102968215942384
0.002995586395263672
0.0029905080795288087
0.002977895736694336
0.0029728174209594726
0.0029431819915771485
0.002918100357055664
0.002904677391052246
0.002831912040710449
0.0028337955474853514
0.0028877019882202148
0.0028837919235229492
0.0028774023056030275
0.002878403663635254
0.0028743982315063477
0.0028761148452758787
0.002896404266357422
0.0029009342193603515
0.0029068708419799803
0.0029122114181518556
0.0028617143630981444
0.002863907814025879
0.0029137849807739256
0.002923393249511719
0.002930092811584473
0.0029315948486328125
0.00291903018951416
0.0029219627380371095
0.0029174089431762695
0.0029191017150878907
0.002939796447753906
0.0029356002807617186
0.0028988122940063477
0.002894020080566406
0.0029394865036010743
0.0029335975646972655
0.0029322624206542967
0.002941536903381348
0.0029443025588989256
0.0029509782791137694
0.0029454708099365236
0.002959012985229492
0.0029593944549560548
0.0029600858688354492
0.002915811538696289
0.0029165983200073243
0.002963829040527344
0.002952289581298828
0.0029635190963745116
0.002957606315612793
0.0029436349868774414
0.00292820930480957
0.0029383182525634767
0.0029367923736572264
0.0029345035552978517
0.0029319047927856444
0.0028783082962036133
0.0028712987899780274
0.0028994083404541016
0.002898120880126953
0.0028947830200195313
0.002895164489746094
0.0028906822204589843
0.0028895139694213867
0.0028859853744506838
0.0029026031494140624
0.0029068708419799803
0.002906394004821777
0.0028609752655029295
0.002871870994567871
0.0029153823852539062
0.002911996841430664
0.0028917074203491213
0.0028862953186035156
0.002897810935974121
0.0028814077377319336
0.00291140079498291
0.0029342174530029297
0.0029514074325561524
0.002941799163818359
0.002894306182861328
0.002898716926574707
0.0029505014419555662
0.002982306480407715
0.002974200248718262
0.002974104881286621
0.002928805351257324
0.0029101848602294924
0.002891087532043457
0.0028839111328125
0.002878689765930176
0.00287628173828125
0.00282139778137207
0.0027899980545043946
0.0028321027755737306
0.002833104133605957
0.0028367042541503906
0.0028287887573242186
0.002830791473388672
0.0028584957122802734
0.0028826236724853516
0.0028937101364135743
0.002900385856628418
0.0028991937637329102
0.002845287322998047
0.002838873863220215
0.002895808219909668
0.0029011964797973633
0.0028948068618774416
0.0028638124465942385
0.00284879207611084
0.002843213081359863
0.002840900421142578
0.0028429031372070312
0.0028535127639770508
0.002857017517089844
0.0027989864349365233
0.002789020538330078
0.0028425931930541994
0.0028445959091186524
0.0028605937957763674
0.0028561830520629885
0.0028528213500976563
0.002846693992614746
0.0028387069702148437
0.002838397026062012
0.0028413057327270506
0.002849388122558594
0.0027947187423706054
0.002790379524230957
0.002815103530883789
0.0028112173080444337
0.002818799018859863
0.002841019630432129
0.003253602981567383
0.00327448844909668
0.004693794250488281
0.004834818840026856
0.00488591194152832
0.004937911033630371
0.004936695098876953
0.0050059080123901365
0.005092811584472656
0.005118060111999512
0.004734683036804199
0.004729914665222168
0.003332996368408203
0.003206300735473633
0.0031705856323242187
0.0031406164169311525
0.003099393844604492
0.0030345916748046875
0.002936387062072754
0.002887320518493652
0.002920699119567871
0.00290219783782959
0.0028777122497558594
0.0028934717178344727
0.002889418601989746
0.0028650045394897463
0.0028603076934814453
0.0028506994247436525
0.0028526782989501953
0.002855682373046875
0.002794981002807617
0.002797389030456543
0.0028423786163330076
0.0028039216995239258
0.002793693542480469
0.002817201614379883
0.0028225183486938477
0.002828097343444824
0.0028316259384155275
0.0028370380401611327
0.002839398384094238
0.0028384923934936523
0.0027914047241210938
0.0027966976165771486
0.0028494834899902345
0.0028564929962158203
0.0028633832931518554
0.0028737068176269533
0.002881479263305664
0.003076982498168945
0.0030785083770751955
0.0030698060989379885
0.0030703067779541014
0.0030831813812255858
0.003034019470214844
0.0030104875564575194
0.0030390024185180664
0.0030200004577636717
0.0030091047286987306
0.0028067111968994142
0.0028048276901245115
0.002816009521484375
0.0028136014938354493
0.002803516387939453
0.0028053998947143556
0.0028135061264038088
0.0027954816818237306
0.002808880805969238
0.002856802940368652
0.0028717041015625
0.0028818845748901367
0.004743695259094238
0.004889798164367676
0.0049389123916625975
0.004985594749450683
0.005049705505371094
0.005067634582519531
0.005097603797912598
0.005083799362182617
0.005104684829711914
0.00517120361328125
0.00332789421081543
0.003217196464538574
0.0032065629959106444
0.003161191940307617
0.0030850887298583983
0.003042268753051758
0.003033900260925293
0.0030234813690185546
0.0030122995376586914
0.0029672861099243166
0.002968025207519531
0.003015303611755371
0.003006911277770996
0.00302431583404541
0.003060603141784668
0.0030853271484375
0.00307619571685791
0.0030738353729248048
0.003098797798156738
0.003112506866455078
0.003134894371032715
0.003105616569519043
0.0031486272811889647
0.003203082084655762
0.003192496299743652
0.0031940698623657226
0.003192710876464844
0.003185081481933594
0.003159618377685547
0.003126716613769531
0.0031045913696289063
0.003077793121337891
0.003020477294921875
0.002965211868286133
0.002967500686645508
0.003016233444213867
0.0030295133590698244
0.003064894676208496
0.0030717849731445312
0.003092503547668457
0.0031110763549804686
0.0031335830688476564
0.0031351089477539063
0.0031209945678710937
0.003106999397277832
0.003049492835998535
0.0030447721481323244
0.0030685901641845704
0.0030406951904296876
0.0030061006546020508
0.0029809236526489257
0.002943110466003418
0.0029257059097290037
0.0029040813446044923
0.002888607978820801
0.0028783798217773436
0.0028504133224487305
0.0028000116348266602
0.0027990102767944335
0.0028419733047485352
0.0028209924697875977
0.0028120040893554687
0.002811288833618164
0.0028251171112060546
0.00282747745513916
0.0028188228607177734
0.0028178930282592774
0.002801203727722168
0.0028021812438964845
0.002762603759765625
0.0027668952941894533
0.002814316749572754
0.0028030872344970703
0.002809906005859375
0.0028126001358032226
0.002816581726074219
0.0028184175491333006
0.0028142929077148438
0.002807807922363281
0.002799725532531738
0.002805495262145996
0.0027560949325561523
0.0027779102325439452
0.002821207046508789
0.0028243303298950196
0.0028295993804931642
0.002837395668029785
0.0028383016586303713
0.0028473854064941405
0.002852201461791992
0.0028600215911865233
0.0028659820556640623
0.002852988243103027
0.002807283401489258
0.002803206443786621
0.0028475046157836912
0.0028425931930541994
0.002852606773376465
0.002852916717529297
0.002858591079711914
0.0028445959091186524
0.0028560876846313475
0.0028736114501953123
0.002899503707885742
0.002909994125366211
0.0028666019439697265
0.0028830051422119142
0.002920985221862793
0.002914905548095703
0.0029143810272216795
0.0029280900955200194
0.0029200077056884765
0.0029030084609985352
0.0028768062591552736
0.0028609752655029295
0.00285799503326416
0.002839183807373047
0.002792811393737793
0.0027933835983276365
0.0028259992599487306
0.0028259992599487306
0.002821612358093262
0.0028209924697875977
0.002813386917114258
0.0028158187866210937
0.002807807922363281
0.0034995317459106446
0.0035323143005371095
0.0035454988479614257
0.003511190414428711
0.003505086898803711
0.0035503864288330077
0.003553295135498047
0.003565216064453125
0.0035722017288208007
0.0035853147506713866
0.0028927803039550783
0.0028613805770874023
0.002856802940368652
0.0028507232666015623
0.002869915962219238
0.0028306007385253905
0.0028428077697753907
0.002891802787780762
0.0028920888900756834
0.0028885841369628907
0.0028898000717163088
0.0028908252716064453
0.0028872013092041014
0.0028931856155395507
0.002865099906921387
0.002857017517089844
0.0028455972671508787
0.0027989864349365233
0.0027944087982177735
0.002843499183654785
0.002852606773376465
0.0028644800186157227
0.002863001823425293
0.0028670310974121095
0.002875494956970215
0.0028800010681152345
0.0028877019882202148
0.0028820037841796875
0.002875399589538574
0.0028239011764526365
0.0028123855590820312
0.0028510093688964844
0.0028594970703125
0.002849984169006348
0.002843213081359863
0.0028373003005981445
0.0028295993804931642
0.0028310060501098634
0.0028374910354614256
0.0028373003005981445
0.002839326858520508
0.0028032779693603514
0.0028083324432373047
0.002861905097961426
0.002869105339050293
0.0028717041015625
0.0028733015060424805
0.002877068519592285
0.0028815984725952147
0.002878880500793457
0.0028839826583862303
0.0028640031814575195
0.0028493642807006837
0.0027957916259765624
0.0027989864349365233
0.0028493642807006837
0.0028631925582885743
0.0028631210327148436
0.0028589963912963867
0.0028725147247314455
0.0028684139251708984
0.002878117561340332
0.0028877019882202148
0.0028905153274536135
0.002884507179260254
0.0028321027755737306
0.002816009521484375
0.0028664112091064454
0.0028677940368652343
0.0028518199920654296
0.002848386764526367
0.0028350830078125
0.0028306007385253905
0.0028217792510986327
0.002816176414489746
0.002818918228149414
0.00282590389251709
0.0027757883071899414
0.002783203125
0.002838587760925293
0.0028717041015625
0.0028775215148925783
0.0028671979904174804
0.0028723955154418947
0.0028805255889892576
0.002880692481994629
0.002869987487792969
0.002863502502441406
0.0028826236724853516
0.002902102470397949
0.002916979789733887
0.003006601333618164
0.003074193000793457
0.003134298324584961
0.0031542062759399416
0.0031658172607421874
0.00317842960357666
0.003180098533630371
0.0031574726104736327
0.0031001091003417967
0.0030993223190307617
0.003036904335021973
0.002990317344665527
0.002981710433959961
0.0029623985290527345
0.002968597412109375
0.0029633760452270506
0.002967500686645508
0.002970314025878906
0.002975273132324219
0.0029443025588989256
0.002924990653991699
0.002916407585144043
0.0028743982315063477
0.0028693675994873047
0.002933979034423828
0.0029525995254516602
0.002947688102722168
0.002942800521850586
0.0029345035552978517
0.0029378890991210937
0.002938199043273926
0.002934098243713379
0.002936983108520508
0.002938699722290039
0.002874422073364258
0.002885293960571289
0.0029293060302734374
0.0029330015182495116
0.0029261112213134766
0.0029116153717041017
0.002901506423950195
0.0029150009155273437
0.002903914451599121
0.00290679931640625
0.002891397476196289
0.0028580188751220702
0.002812314033508301
0.0028105974197387695
0.002867984771728516
0.0028837919235229492
0.0029047012329101564
0.002903580665588379
0.002927207946777344
0.0029302120208740236
0.002953195571899414
0.0029509782791137694
0.002947282791137695
0.002935910224914551
0.0028810024261474608
0.002873802185058594
0.0029002904891967775
0.0028820037841796875
0.002861785888671875
0.0028494119644165037
0.0028215885162353516
0.0028178215026855467
0.0028148174285888674
0.0028168916702270507
0.002806401252746582
0.002795886993408203
0.0027491092681884766
0.002756214141845703
0.002806997299194336
0.0028157949447631834
0.002849316596984863
0.0028816938400268556
0.002902388572692871
0.0029154062271118165
0.0029244184494018554
0.0029311180114746094
0.0029410839080810545
0.0029392004013061523
0.0028840303421020508
0.002872610092163086
0.0029050827026367186
0.002882099151611328
0.0028759002685546874
0.0028741836547851564
0.0028824806213378906
0.0028826713562011717
0.0028926849365234373
0.002902793884277344
0.0029196739196777344
0.0029384851455688476
0.002887392044067383
0.0029245853424072266
0.002964901924133301
0.0029532194137573244
0.0029407024383544924
0.002931094169616699
0.002913832664489746
0.0028991937637329102
0.002884197235107422
0.002875018119812012
0.0028632164001464845
0.002828693389892578
0.0027778148651123047
0.0027829885482788088
0.002830910682678223
0.0028320074081420897
0.0028210878372192383
0.002823805809020996
0.0028249025344848633
0.0028229713439941405
0.002830791473388672
0.002825617790222168
0.0028435945510864257
0.002864694595336914
0.00282590389251709
0.002832508087158203
0.0028908967971801756
0.0028844118118286134
0.0028872013092041014
0.0028870105743408203
0.00288083553314209
0.0028856992721557617
0.002875089645385742
0.0028556108474731444
0.0028518915176391603
0.0028571844100952148
0.002820110321044922
0.0028575897216796876
0.002908205986022949
0.002925395965576172
0.0029344558715820312
0.0029458999633789062
0.0029634952545166014
0.002958202362060547
0.0029495954513549805
0.0029401302337646483
0.002924489974975586
0.00289459228515625
0.0028429031372070312
0.0028168916702270507
0.0028502225875854494
0.0028370141983032225
0.0028115987777709963
0.002827882766723633
0.0028370141983032225
0.002838397026062012
0.002842283248901367
0.0028425931930541994
0.0028480052947998046
0.002851724624633789
0.0027998924255371095
0.002795696258544922
0.0028463125228881834
0.0028639316558837892
0.002878093719482422
0.0028810024261474608
0.002884197235107422
0.0028855085372924806
0.002886509895324707
0.00288698673248291
0.002891802787780762
0.0028953790664672852
0.00284428596496582
0.0028081893920898437
0.002836799621582031
0.0028398990631103515
0.002843809127807617
0.002842402458190918
0.002831172943115234
0.0028350114822387694
0.002837395668029785
0.0028358221054077147
0.0028415918350219727
0.0028584957122802734
0.0028143882751464843
0.002808976173400879
0.0028512001037597655
0.002850198745727539
0.0028510332107543946
0.0028668880462646485
0.002881622314453125
0.0029011011123657227
0.002911019325256348
0.002900981903076172
0.002913093566894531
0.0029188156127929687
0.00287013053894043
0.002872204780578613
0.0029315710067749023
0.0029172182083129885
0.0028955698013305663
0.0028734922409057615
0.0028611898422241213
0.0028561115264892577
0.0028391361236572267
0.0028366804122924804
0.0028279781341552734
0.0028198957443237305
0.002762103080749512
0.0027606010437011717
0.0028140068054199217
0.0028162002563476562
0.002808213233947754
0.002827310562133789
0.002830791473388672
0.0028600215911865233
0.0028697967529296873
0.0028810977935791017
0.002880501747131348
0.0028819799423217773
0.0028290033340454103
0.0028271913528442384
0.002900981903076172
0.002895498275756836
0.0028924942016601562
0.002862405776977539
0.002855396270751953
0.002845907211303711
0.0028411149978637695
0.002851724624633789
0.0028733015060424805
0.00287930965423584
0.002826690673828125
0.002832484245300293
0.002876687049865723
0.002878284454345703
0.0028997182846069334
0.002908205986022949
0.002917981147766113
0.002907276153564453
0.0028905868530273438
0.0028850793838500976
0.0028646230697631837
0.0028594970703125
0.002805924415588379
0.002803397178649902
0.0028304815292358398
0.002837681770324707
0.0028223037719726563
0.0028164148330688476
0.002817726135253906
0.002820730209350586
0.0028358936309814454
0.002826499938964844
0.0028390884399414062
0.002868318557739258
0.0028391122817993165
0.002825331687927246
0.002878403663635254
0.0028865814208984377
0.002884387969970703
0.002880692481994629
0.002861309051513672
0.0028557062149047853
0.0028404951095581054
0.002812480926513672
0.002799510955810547
0.00279998779296875
0.0027565956115722656
0.0027581214904785155
0.0028075933456420898
0.0028048038482666017
0.0028012752532958984
0.002830314636230469
0.0028608083724975587
0.0028702974319458007
0.0028847694396972657
0.002901577949523926
0.0029026031494140624
0.0029324769973754885
0.0028898954391479493
0.00289769172668457
0.0029580116271972655
0.002931690216064453
0.002909207344055176
0.002915501594543457
0.0029047250747680662
0.002901721000671387
0.002901601791381836
0.002863311767578125
0.0028545141220092775
0.0028497934341430663
0.002803802490234375
0.0028059005737304686
0.002854776382446289
0.002823209762573242
0.0028125762939453123
0.0028001070022583008
0.0027978897094726564
0.002832794189453125
0.0028581142425537108
0.002861905097961426
0.0028690099716186523
0.0028892993927001954
0.002855515480041504
0.0028710126876831054
0.002920722961425781
0.0029384851455688476
0.0029482126235961916
0.0029176950454711916
0.0029004812240600586
0.002898406982421875
0.002907109260559082
0.0029040098190307615
0.0029124975204467773
0.0029309988021850586
0.0028918981552124023
0.0028773069381713865
0.0029210805892944335
0.0029198169708251954
0.002929091453552246
0.0029443025588989256
0.002943587303161621
0.002944493293762207
0.002933096885681152
0.0029113054275512694
0.002911996841430664
0.0029057979583740233
0.002857208251953125
0.0028569936752319337
0.0028869152069091798
0.002868390083312988
0.002856588363647461
0.0028397083282470704
0.002834510803222656
0.0028354644775390623
0.0028417110443115234
0.002864503860473633
0.002882695198059082
0.0029143095016479492
0.0028943777084350585
0.002923893928527832
0.002972126007080078
0.002972579002380371
0.0029700756072998046
0.002968621253967285
0.002955174446105957
0.00293428897857666
0.002918720245361328
0.002891206741333008
0.0028941154479980467
0.0028808116912841797
0.002837991714477539
0.0028522968292236327
0.0029031991958618163
0.0029081106185913086
0.0029129266738891603
0.0029155254364013673
0.0029103755950927734
0.00290377140045166
0.0028762102127075197
0.0028696775436401365
0.002893996238708496
0.002892327308654785
0.002843308448791504
0.0028411865234375
0.0028959989547729494
0.0029002904891967775
0.0029076337814331055
0.002909421920776367
0.0029127836227416993
0.002909421920776367
0.002893209457397461
0.002902984619140625
0.0029040098190307615
0.0029041051864624025
0.002867269515991211
0.0028635978698730467
0.0029138803482055666
0.002915477752685547
0.002914690971374512
0.0029144048690795898
0.0029047727584838867
0.002885890007019043
0.0028898000717163088
0.002888607978820801
0.0028762102127075197
0.0028794050216674806
0.00283358097076416
0.002836012840270996
0.002884316444396973
0.0028917789459228516
0.0028898000717163088
0.0029021263122558593
0.0029158830642700196
0.0029269933700561525
0.0029489994049072266
0.0029581785202026367
0.002978014945983887
0.002984786033630371
0.002936387062072754
0.0029263019561767576
0.0029858112335205077
0.002975201606750488
0.002956104278564453
0.0029493093490600584
0.0029241085052490235
0.002921605110168457
0.0028961896896362305
0.0028913259506225587
0.0028947114944458006
0.002898097038269043
0.0028295993804931642
0.002821683883666992
0.0028676271438598635
0.0028600692749023438
0.0028516054153442383
0.002847099304199219
0.002848315238952637
0.0028746843338012694
0.0028785943984985353
0.002875399589538574
0.0028712987899780274
0.0028763055801391602
0.002839183807373047
0.0028499364852905273
0.0029038906097412108
0.0028990983963012697
0.0028996944427490236
0.002870988845825195
0.002865099906921387
0.0028611183166503905
0.002874302864074707
0.0028720855712890624
0.0028609037399291992
0.0028480768203735353
0.002810811996459961
0.002830791473388672
0.0028759002685546874
0.0028947114944458006
0.0029194116592407226
0.002920389175415039
0.0029170989990234377
0.0029211044311523438
0.002928471565246582
0.0029350996017456056
0.0029245853424072266
0.00290679931640625
0.002858591079711914
0.0028446197509765627
0.002875995635986328
0.0028801918029785155
0.002890610694885254
0.0028898954391479493
0.002903604507446289
0.0029068231582641602
0.002904391288757324
0.002903127670288086
0.002906012535095215
0.00289609432220459
0.0028408050537109377
0.0028419256210327148
0.002874588966369629
0.002871203422546387
0.0028602123260498048
0.0028535604476928713
0.0028538227081298826
0.0028438806533813477
0.0028289079666137694
0.0028299808502197264
0.002831292152404785
0.002829170227050781
0.002775096893310547
0.0027711153030395507
0.0028103113174438475
0.0028089284896850586
0.00280458927154541
0.0028084278106689452
0.0028081893920898437
0.0028274059295654297
0.0028582096099853517
0.0028839111328125
0.002918505668640137
0.002944493293762207
0.002920794486999512
0.002945995330810547
0.0029992103576660157
0.0030086755752563475
0.003027987480163574
0.003015303611755371
0.0029815912246704103
0.00295560359954834
0.0029280900955200194
0.0029074907302856444
0.002879214286804199
0.002849292755126953
0.002801990509033203
0.002801203727722168
0.0028319358825683594
0.002827000617980957
0.0028231143951416016
0.0028206825256347655
0.0028244972229003905
0.0028207063674926757
0.002823185920715332
0.002843499183654785
0.002841019630432129
0.0028316020965576173
0.0027855873107910157
0.002787494659423828
0.002853202819824219
0.0028953075408935545
0.002899503707885742
0.0029036998748779297
0.0029074907302856444
0.002898406982421875
0.0029045820236206056
0.0029124021530151367
0.0029135942459106445
0.00291290283203125
0.002849984169006348
0.0028101205825805664
0.0028535127639770508
0.0028471946716308594
0.0028475284576416015
0.0028455972671508787
0.002829289436340332
0.002823185920715332
0.0028275966644287108
0.002826499938964844
0.00281679630279541
0.002817988395690918
0.0027691125869750977
0.0027940988540649412
0.002835869789123535
0.0028296947479248048
0.0028413057327270506
