0.13472199440002441
0.007648944854736328
0.019696950912475586
0.0045928955078125
0.009886980056762695
0.005321025848388672
0.011728763580322266
0.004598855972290039
0.012850284576416016
0.0040318965911865234
0.01674509048461914
0.004287004470825195
0.04554605484008789
0.0035512447357177734
0.023945331573486328
0.004058122634887695
0.003966093063354492
0.00506901741027832
0.004389047622680664
0.0037050247192382812
0.0038318634033203125
0.007313966751098633
0.003765106201171875
0.032926082611083984
0.004514932632446289
0.003701925277709961
0.008590221405029297
0.0037686824798583984
0.03266787528991699
0.003754854202270508
0.003908872604370117
0.008140087127685547
0.004026174545288086
0.033538103103637695
0.004593849182128906
0.004684925079345703
0.008879899978637695
0.004576921463012695
0.032035112380981445
0.004421710968017578
0.004563093185424805
0.010885000228881836
0.0043108463287353516
0.04561209678649902
0.0041351318359375
0.036856889724731445
0.006051063537597656
0.005299091339111328
0.004920005798339844
0.007959127426147461
0.0038521289825439453
0.05026102066040039
0.003949165344238281
0.02955317497253418
0.004763126373291016
0.004138946533203125
0.0035512447357177734
0.0034520626068115234
0.0031697750091552734
0.0054857730865478516
0.003592967987060547
0.05081009864807129
0.003381967544555664
0.03231978416442871
0.005189180374145508
0.0046460628509521484
0.0038421154022216797
0.003732919692993164
0.0048029422760009766
0.003528118133544922
0.034767866134643555
0.003604888916015625
0.007323741912841797
0.01438593864440918
0.03873300552368164
0.012119054794311523
0.02372598648071289
0.005040884017944336
0.004014015197753906
0.003506898880004883
0.0035910606384277344
0.0057220458984375
0.0034809112548828125
0.031501054763793945
0.005383968353271484
0.0035059452056884766
0.01770496368408203
0.0039520263671875
0.0032808780670166016
0.004220008850097656
0.004342079162597656
0.00384521484375
0.003548860549926758
0.00380706787109375
0.0034101009368896484
0.025531768798828125
0.0040340423583984375
0.04502987861633301
0.004414081573486328
0.022050142288208008
0.004182100296020508
0.003465890884399414
0.004781007766723633
0.004288911819458008
0.0035326480865478516
0.003398895263671875
0.0033240318298339844
0.004169940948486328
0.004106998443603516
0.021036148071289062
0.0037653446197509766
0.03639483451843262
0.003423929214477539
0.0043010711669921875
0.0034651756286621094
0.0034990310668945312
0.0034880638122558594
0.004842996597290039
0.0038890838623046875
0.003531932830810547
0.00392603874206543
0.0052661895751953125
0.003451824188232422
0.03174281120300293
0.00795602798461914
0.0034880638122558594
0.04674577713012695
0.0034971237182617188
0.0060389041900634766
0.00439906120300293
0.0037539005279541016
0.0035369396209716797
0.0038847923278808594
0.011247873306274414
0.0034258365631103516
0.048537254333496094
0.0048258304595947266
0.022404909133911133
0.0041332244873046875
0.003598928451538086
0.004694938659667969
0.0037689208984375
0.0036630630493164062
0.003606081008911133
0.004940032958984375
0.0037467479705810547
0.0035538673400878906
0.004662036895751953
0.009249210357666016
0.011775016784667969
0.007143974304199219
0.004545927047729492
0.0043408870697021484
0.0035772323608398438
0.004570960998535156
0.005193948745727539
0.02845907211303711
0.003668069839477539
0.03548121452331543
0.0074307918548583984
0.004236936569213867
0.026193857192993164
0.0037810802459716797
0.003779172897338867
0.0033609867095947266
0.02039313316345215
0.0038900375366210938
0.01973891258239746
0.0049190521240234375
0.011867284774780273
0.004361152648925781
0.0037119388580322266
0.0035381317138671875
0.003536224365234375
0.003469705581665039
0.003309011459350586
0.011384725570678711
0.0037949085235595703
0.016856670379638672
0.003687143325805664
0.04624605178833008
0.003425121307373047
0.004828929901123047
0.003662109375
0.0034399032592773438
0.004044055938720703
0.004431009292602539
0.0035789012908935547
0.0035479068756103516
0.00356292724609375
0.014593124389648438
0.003877878189086914
0.008924007415771484
0.0036029815673828125
0.012025117874145508
0.003981113433837891
0.0033719539642333984
0.0035240650177001953
0.018889904022216797
0.003467082977294922
0.016726016998291016
0.003805875778198242
0.0034248828887939453
0.0034027099609375
0.004091024398803711
0.0033142566680908203
0.02145099639892578
0.00428318977355957
0.004780769348144531
0.0039539337158203125
0.0048367977142333984
0.004675865173339844
0.003628969192504883
0.0035872459411621094
0.0033736228942871094
0.00335693359375
0.0037920475006103516
0.021261930465698242
0.004647731781005859
0.004599094390869141
0.004745006561279297
0.004088163375854492
0.031881093978881836
0.003952741622924805
0.01253509521484375
0.005235910415649414
0.004086971282958984
0.003568887710571289
0.003964900970458984
0.025332927703857422
0.0036869049072265625
0.012989044189453125
0.004085063934326172
0.047255754470825195
0.00393986701965332
0.021560192108154297
0.004153013229370117
0.018030166625976562
0.0034339427947998047
0.014274120330810547
0.006589174270629883
0.027415990829467773
0.0037686824798583984
0.011701822280883789
0.00372314453125
0.004616975784301758
0.0037758350372314453
0.004416704177856445
0.003576040267944336
0.004575967788696289
0.003793001174926758
0.0035719871520996094
0.0041010379791259766
0.013444900512695312
0.003993034362792969
0.02117300033569336
0.004319906234741211
0.005944967269897461
0.03488516807556152
0.017742156982421875
0.0040247440338134766
0.03415703773498535
0.003504037857055664
0.004806041717529297
0.00405120849609375
0.016695261001586914
0.0043201446533203125
0.004330158233642578
0.0041961669921875
0.0035190582275390625
0.00652003288269043
0.0038979053497314453
0.0034661293029785156
0.012887716293334961
0.003698110580444336
0.03438687324523926
0.0041768550872802734
0.0034952163696289062
0.004694938659667969
0.003713846206665039
0.0034759044647216797
0.0043659210205078125
0.004595041275024414
0.003679037094116211
0.003751039505004883
0.0033752918243408203
0.01929306983947754
0.006317138671875
0.0043201446533203125
0.012467145919799805
0.004124879837036133
0.0036280155181884766
0.00357818603515625
0.004650115966796875
0.004469871520996094
0.00379180908203125
0.003515005111694336
0.003384828567504883
0.003985881805419922
0.0035247802734375
0.022398948669433594
0.003883838653564453
0.012497901916503906
0.005154132843017578
0.0037889480590820312
0.003877878189086914
0.003653287887573242
0.0045642852783203125
0.005176067352294922
0.003986835479736328
0.0037860870361328125
0.0034749507904052734
0.004180431365966797
0.009987115859985352
0.004323005676269531
0.0164031982421875
0.00545501708984375
0.00432896614074707
0.0034172534942626953
0.03963303565979004
0.0037300586700439453
0.019932031631469727
0.003264904022216797
0.0032739639282226562
0.01159214973449707
0.003206968307495117
0.05106711387634277
0.003952980041503906
0.02127385139465332
0.004545927047729492
0.0034418106079101562
0.00434422492980957
0.004334688186645508
0.003523111343383789
0.0039179325103759766
0.0034050941467285156
0.008872270584106445
0.00341796875
0.004085063934326172
0.003632068634033203
0.016856908798217773
0.004659891128540039
0.0164182186126709
0.003445148468017578
0.018175125122070312
0.00392913818359375
0.022825956344604492
0.0035169124603271484
0.011911869049072266
0.003611326217651367
0.003506898880004883
0.016257047653198242
0.0037300586700439453
0.003525972366333008
0.005285978317260742
0.004868984222412109
0.00374603271484375
0.0035719871520996094
0.0036857128143310547
0.0049762725830078125
0.003898143768310547
0.04641103744506836
0.004614830017089844
0.007304191589355469
0.004007101058959961
0.0033380985260009766
0.01902914047241211
0.0047528743743896484
0.011789798736572266
0.01576089859008789
0.0042209625244140625
0.0066258907318115234
0.00416111946105957
0.012716054916381836
0.003942012786865234
0.012074947357177734
0.005128145217895508
0.00443577766418457
0.003754854202270508
0.004784107208251953
0.0051729679107666016
0.011841058731079102
0.0037691593170166016
0.0033631324768066406
0.02126312255859375
0.004226207733154297
0.0044918060302734375
0.004218101501464844
0.005003690719604492
0.003571748733520508
0.031141996383666992
0.003740072250366211
0.0120849609375
0.0041239261627197266
0.004685878753662109
0.003751039505004883
0.005230903625488281
0.003596067428588867
0.020913124084472656
0.003796815872192383
0.0035059452056884766
0.01053619384765625
0.003938913345336914
0.04543304443359375
0.003966093063354492
0.0178070068359375
0.004373073577880859
0.0042209625244140625
0.00397491455078125
0.004609107971191406
0.0040471553802490234
0.004519939422607422
0.0034580230712890625
0.02286696434020996
0.0042989253997802734
0.012813091278076172
0.005135059356689453
0.003882884979248047
0.003635883331298828
0.003470897674560547
0.005167961120605469
0.004251003265380859
0.004676103591918945
0.0037622451782226562
0.0037250518798828125
0.0035009384155273438
0.008983850479125977
0.003432035446166992
0.030217885971069336
0.004784107208251953
0.003371000289916992
0.035347938537597656
0.004293918609619141
0.003429889678955078
0.003492116928100586
0.003242015838623047
0.004220008850097656
0.012197017669677734
0.003407001495361328
0.02166891098022461
0.0044100284576416016
0.004797220230102539
0.0038521289825439453
0.003491640090942383
0.004068851470947266
0.0034720897674560547
0.005003929138183594
0.0049703121185302734
0.004548072814941406
0.003645181655883789
0.0036940574645996094
0.003381013870239258
0.01891803741455078
0.003924846649169922
0.04622697830200195
0.0038928985595703125
0.012121200561523438
0.004021883010864258
0.0033779144287109375
0.003345966339111328
0.003422975540161133
0.003374814987182617
0.0045049190521240234
0.0035181045532226562
0.016646146774291992
0.016258716583251953
0.004225015640258789
0.0035881996154785156
0.004189252853393555
0.0034568309783935547
0.0036361217498779297
0.0041620731353759766
0.0035550594329833984
0.0034630298614501953
0.003535032272338867
0.0033080577850341797
0.03611874580383301
0.0037109851837158203
0.0035369396209716797
0.004940032958984375
0.005167722702026367
0.007282257080078125
0.003633260726928711
0.014657974243164062
0.003948688507080078
0.046289920806884766
0.0038301944732666016
0.011667013168334961
0.0033779144287109375
0.003292083740234375
0.0030939579010009766
0.0032668113708496094
0.01709890365600586
0.0030241012573242188
0.0032241344451904297
0.002835988998413086
0.009464263916015625
0.003384113311767578
0.04977297782897949
0.003773927688598633
0.004960775375366211
0.0034852027893066406
0.0031189918518066406
0.002794981002807617
0.004832029342651367
0.0034749507904052734
0.003042936325073242
0.0029027462005615234
0.0030481815338134766
0.011595010757446289
0.0038390159606933594
0.004202127456665039
0.0033500194549560547
0.012246131896972656
0.004348039627075195
0.003358125686645508
0.0034058094024658203
0.0029480457305908203
0.00476527214050293
0.003912210464477539
0.00339508056640625
0.0032601356506347656
0.0030660629272460938
0.017863035202026367
0.003918886184692383
0.01204681396484375
0.00533294677734375
0.003780841827392578
0.003724813461303711
0.0033271312713623047
0.014147043228149414
0.004826784133911133
0.004360198974609375
0.017472028732299805
0.003818988800048828
0.03088688850402832
0.0033800601959228516
0.013747215270996094
0.004436016082763672
0.025139808654785156
0.0034608840942382812
0.021371841430664062
0.0043048858642578125
0.011939048767089844
0.004318952560424805
0.003314971923828125
0.03475594520568848
0.0038499832153320312
0.0030128955841064453
0.0035109519958496094
0.0038061141967773438
0.003704071044921875
0.004346132278442383
0.0031578540802001953
0.003340005874633789
0.003737926483154297
0.003197908401489258
0.031065702438354492
0.0046808719635009766
0.003408193588256836
0.004795074462890625
0.004843950271606445
0.031700849533081055
0.004135847091674805
0.012439966201782227
0.0044651031494140625
0.0035119056701660156
0.003595113754272461
0.004733085632324219
0.0033228397369384766
0.02591395378112793
0.003020048141479492
0.022274017333984375
0.004155874252319336
0.004019021987915039
0.004640817642211914
0.00510406494140625
0.003306865692138672
0.0464167594909668
0.003687143325805664
0.012026071548461914
0.004029035568237305
0.0053958892822265625
0.004462242126464844
0.0037240982055664062
0.0034780502319335938
0.003459930419921875
0.003386974334716797
0.021298885345458984
0.004277944564819336
0.004687070846557617
0.004829883575439453
0.003529071807861328
0.030827999114990234
0.0034208297729492188
0.02123403549194336
0.0041351318359375
0.0033960342407226562
0.003701925277709961
0.006135702133178711
0.0040819644927978516
0.05126690864562988
0.0038247108459472656
0.02152395248413086
0.018577098846435547
0.0035800933837890625
0.017831802368164062
0.003932952880859375
0.03996872901916504
0.005532741546630859
0.0036759376525878906
0.0034720897674560547
0.01183009147644043
0.0036869049072265625
0.003465890884399414
0.003432035446166992
0.004554033279418945
0.003922939300537109
0.003931999206542969
0.0035440921783447266
0.008709907531738281
0.003398895263671875
0.02170705795288086
0.004663228988647461
0.005120038986206055
0.0035409927368164062
0.003654003143310547
0.003565073013305664
0.0047299861907958984
0.005866050720214844
0.0313570499420166
0.004158973693847656
0.012349843978881836
0.004970073699951172
0.0036308765411376953
0.0035948753356933594
0.005474090576171875
0.0035970211029052734
0.0033998489379882812
0.004289150238037109
0.004310131072998047
0.003611326217651367
0.019603967666625977
0.010005950927734375
0.0070378780364990234
0.00409698486328125
0.0035309791564941406
0.031190156936645508
0.0050051212310791016
0.0035970211029052734
0.003462076187133789
0.0032949447631835938
0.016032695770263672
0.004786252975463867
0.025842905044555664
0.003854036331176758
0.01215219497680664
0.0047419071197509766
0.004122734069824219
0.003607034683227539
0.004004716873168945
0.004551887512207031
0.004721879959106445
0.0040912628173828125
0.0037717819213867188
0.0036361217498779297
0.0037262439727783203
0.009026765823364258
0.0036468505859375
0.05114102363586426
0.0049588680267333984
0.0038530826568603516
0.0038709640502929688
0.003384113311767578
0.0033349990844726562
0.003365039825439453
0.0034270286560058594
0.016076087951660156
0.004663944244384766
0.0035469532012939453
0.007300138473510742
0.004102945327758789
0.003239154815673828
0.0033180713653564453
0.00395512580871582
0.003350973129272461
0.00448298454284668
0.0041828155517578125
0.003857851028442383
0.0035049915313720703
0.012682914733886719
0.0033881664276123047
0.012478113174438477
0.0040798187255859375
0.0034399032592773438
0.005038022994995117
0.004482746124267578
0.003759145736694336
0.0034220218658447266
0.004622220993041992
0.004641056060791016
0.004197120666503906
0.003551959991455078
0.0035042762756347656
0.003422975540161133
0.006152153015136719
0.0033791065216064453
0.030765056610107422
0.005430936813354492
0.0035638809204101562
0.031219959259033203
0.004164934158325195
0.003831148147583008
0.0036640167236328125
0.0034940242767333984
0.004179239273071289
0.003551006317138672
0.003662109375
0.014692068099975586
0.00380706787109375
0.049362897872924805
0.004503965377807617
0.005755901336669922
0.003531217575073242
0.007977962493896484
0.0039033889770507812
0.003496885299682617
0.0033960342407226562
0.0043871402740478516
0.004391908645629883
0.003531932830810547
0.003445863723754883
0.004517078399658203
0.003342866897583008
0.018006086349487305
0.003849029541015625
0.017532825469970703
0.005001068115234375
0.003843069076538086
0.003537893295288086
0.003406047821044922
0.004034996032714844
0.00470280647277832
0.026462078094482422
0.004540920257568359
0.020702123641967773
0.00410008430480957
0.003583192825317383
0.004481077194213867
0.0033860206604003906
0.032340288162231445
0.003994941711425781
0.0211331844329834
0.004333019256591797
0.00351715087890625
0.003565073013305664
0.008388042449951172
0.0035741329193115234
0.05031919479370117
0.0038628578186035156
0.011677980422973633
0.004478931427001953
0.0035789012908935547
0.00455784797668457
0.004019021987915039
0.0035309791564941406
0.0035142898559570312
0.003580808639526367
0.00380706787109375
0.01737213134765625
0.004284858703613281
0.004706859588623047
0.003476858139038086
0.03518104553222656
0.003918886184692383
0.0035567283630371094
0.003471851348876953
0.004851102828979492
0.003679037094116211
0.004448890686035156
0.004332065582275391
0.0034630298614501953
0.003448963165283203
0.018605709075927734
0.004187107086181641
0.04669809341430664
0.004520893096923828
0.006471872329711914
0.003773927688598633
0.003574848175048828
0.019132137298583984
0.015295028686523438
0.01835918426513672
0.005059003829956055
0.028430700302124023
0.004030942916870117
0.012135982513427734
0.005667924880981445
0.0039479732513427734
0.003835916519165039
0.005020856857299805
0.004007816314697266
0.01576399803161621
0.0034477710723876953
0.0038602352142333984
0.021340131759643555
0.0043451786041259766
0.004752159118652344
0.004385948181152344
0.004842996597290039
0.003451108932495117
0.039948225021362305
0.004080772399902344
0.026440143585205078
0.0043621063232421875
0.003718852996826172
0.0039789676666259766
0.007033109664916992
0.0036721229553222656
0.04921221733093262
0.004984140396118164
0.003979682922363281
0.003834962844848633
0.003431081771850586
0.003609895706176758
0.0034973621368408203
0.0036170482635498047
0.0036249160766601562
0.004066944122314453
0.005005836486816406
0.004273891448974609
0.004886150360107422
0.003986835479736328
0.012012004852294922
0.003760099411010742
0.012345075607299805
0.004127979278564453
0.003532886505126953
0.00393223762512207
0.0049092769622802734
0.0042498111724853516
0.005396127700805664
0.005106210708618164
0.03207230567932129
0.004111051559448242
0.01209402084350586
0.004603147506713867
0.003762960433959961
0.0038878917694091797
0.004318952560424805
0.0034439563751220703
0.01207876205444336
0.005439043045043945
0.0037403106689453125
0.003961086273193359
0.0037610530853271484
0.013869047164916992
0.004013776779174805
0.029807090759277344
0.005005836486816406
0.0038259029388427734
0.04913496971130371
0.0038008689880371094
0.0053730010986328125
0.004439830780029297
0.003738880157470703
0.003818988800048828
0.00823521614074707
0.0037932395935058594
0.04579806327819824
0.005181074142456055
0.0035037994384765625
0.003488302230834961
0.007962942123413086
0.003738880157470703
0.0032651424407958984
0.0038406848907470703
0.0032677650451660156
0.004663944244384766
0.004198789596557617
0.0034971237182617188
0.004481077194213867
0.0035021305084228516
0.0171661376953125
0.003548860549926758
0.012389183044433594
0.004145145416259766
0.0042841434478759766
0.004685163497924805
0.003805875778198242
0.00485992431640625
0.004979848861694336
0.006746053695678711
0.0034759044647216797
0.003834962844848633
0.0082550048828125
0.0036818981170654297
0.04648113250732422
0.0052530765533447266
0.007131099700927734
0.004237174987792969
0.003701925277709961
0.0037560462951660156
0.00379180908203125
0.0035190582275390625
0.0033211708068847656
0.005694866180419922
0.003963947296142578
0.005469799041748047
0.00400996208190918
0.023044824600219727
0.00386810302734375
0.015482187271118164
0.004563808441162109
0.003706216812133789
0.003790140151977539
0.004650115966796875
0.0035800933837890625
0.015955209732055664
0.003760814666748047
0.011789083480834961
0.004046916961669922
0.04631805419921875
0.004930734634399414
0.011041879653930664
0.004066944122314453
0.0034089088439941406
0.0033228397369384766
0.003481149673461914
0.003596067428588867
0.0046160221099853516
0.004038810729980469
0.004918098449707031
0.0035970211029052734
0.012819051742553711
0.003448963165283203
0.011964797973632812
0.0038938522338867188
0.0033750534057617188
0.0033037662506103516
0.004236936569213867
0.018337726593017578
0.004886150360107422
0.0050699710845947266
0.0044078826904296875
0.0038750171661376953
0.003631114959716797
0.003765106201171875
0.018245935440063477
0.003832101821899414
0.04615497589111328
0.0043430328369140625
0.021451950073242188
0.004619121551513672
0.0035500526428222656
0.0048067569732666016
0.00391697883605957
0.0033893585205078125
0.017777204513549805
0.004033088684082031
0.012104988098144531
0.0052301883697509766
0.004248857498168945
0.003843069076538086
0.0035152435302734375
0.003618955612182617
0.00468897819519043
0.009369850158691406
0.003946065902709961
0.0178070068359375
0.004015922546386719
0.035264015197753906
0.00525212287902832
0.0034329891204833984
0.003444194793701172
0.0033211708068847656
0.003397226333618164
0.0035130977630615234
0.0033648014068603516
0.0034248828887939453
0.003403186798095703
0.0038499832153320312
0.004341602325439453
0.0035257339477539062
0.0042078495025634766
0.003547191619873047
0.018595218658447266
0.003847837448120117
0.01298379898071289
0.005523204803466797
0.0038268566131591797
0.003582000732421875
0.01880502700805664
0.0053958892822265625
0.012887001037597656
0.0033311843872070312
0.01256108283996582
0.011965751647949219
0.004026889801025391
