0.10251426696777344
0.008068084716796875
0.01725006103515625
0.016479969024658203
0.004284858703613281
0.004676103591918945
0.004676103591918945
0.005606174468994141
0.011880874633789062
0.033937931060791016
0.00543212890625
0.008445978164672852
0.007109880447387695
0.011194944381713867
0.006201028823852539
0.006947040557861328
0.006384134292602539
0.012542009353637695
0.003631114959716797
0.04877281188964844
0.007132053375244141
0.006360054016113281
0.006765604019165039
0.009039163589477539
0.0050029754638671875
0.008738994598388672
0.00775599479675293
0.013186931610107422
0.0038657188415527344
0.048948049545288086
0.00894618034362793
0.008916139602661133
0.009989261627197266
0.010320186614990234
0.008765935897827148
0.0044710636138916016
0.0049190521240234375
0.009366989135742188
0.011802911758422852
0.018346071243286133
0.009835004806518555
0.008689165115356445
0.008230924606323242
0.043836116790771484
0.009546995162963867
0.027862071990966797
0.007369041442871094
0.008787393569946289
0.012045145034790039
0.01388692855834961
0.037155866622924805
0.004632711410522461
0.04184293746948242
0.007421970367431641
0.017292022705078125
0.00487208366394043
0.004127979278564453
0.008095979690551758
0.009660005569458008
0.014219045639038086
0.011890172958374023
0.042697906494140625
0.004457950592041016
0.043950796127319336
0.011329174041748047
0.02828192710876465
0.008858203887939453
0.015778064727783203
0.011240959167480469
0.04258394241333008
0.013592720031738281
0.03111124038696289
0.016741037368774414
0.006418943405151367
0.04701590538024902
0.005811929702758789
0.030545949935913086
0.005983114242553711
0.0071718692779541016
0.012711763381958008
0.0067729949951171875
0.04700279235839844
0.010591983795166016
0.025451183319091797
0.004249095916748047
0.021857738494873047
0.01605081558227539
0.01637887954711914
0.017261028289794922
0.006546974182128906
0.04766106605529785
0.020802974700927734
0.019852876663208008
0.017879247665405273
0.022010326385498047
0.01878190040588379
0.014431238174438477
0.03199267387390137
0.012919902801513672
0.02398967742919922
0.020025253295898438
0.008456945419311523
0.01774311065673828
0.011433124542236328
0.02452707290649414
0.012467145919799805
0.03442215919494629
0.024313926696777344
0.02274298667907715
0.01607489585876465
0.015958786010742188
0.017737865447998047
0.012439727783203125
0.02253580093383789
0.026766061782836914
0.023629188537597656
0.023141860961914062
0.019585847854614258
0.013597249984741211
0.026585817337036133
0.0201718807220459
0.0189511775970459
0.009741067886352539
0.023095130920410156
0.021689891815185547
0.018168926239013672
0.025300025939941406
0.009924888610839844
0.006310939788818359
0.021910905838012695
0.023411989212036133
0.010612964630126953
0.02071690559387207
0.02860879898071289
0.024984121322631836
0.024799346923828125
0.006528615951538086
0.02668905258178711
0.012010812759399414
0.029713153839111328
0.028202056884765625
0.029552221298217773
0.009918212890625
0.033222198486328125
0.027751922607421875
0.02910017967224121
0.03052210807800293
0.009638071060180664
0.017743825912475586
0.024911880493164062
0.018799781799316406
0.023309707641601562
0.023200035095214844
0.029373884201049805
0.011600971221923828
0.03354191780090332
0.029613971710205078
0.027643918991088867
0.024090051651000977
0.0312650203704834
0.022719860076904297
0.0346827507019043
0.03488779067993164
0.037119150161743164
0.017778873443603516
0.03435397148132324
0.03764510154724121
0.03514909744262695
0.01847100257873535
0.03949904441833496
0.022979021072387695
0.0068051815032958984
0.04391598701477051
0.03168201446533203
0.004086017608642578
0.005477190017700195
0.033319950103759766
0.02105116844177246
0.005582094192504883
0.03358101844787598
0.03858017921447754
0.019747018814086914
0.0372769832611084
0.026936054229736328
0.012458086013793945
0.04241204261779785
0.0291287899017334
0.0206449031829834
0.02880716323852539
0.006404876708984375
0.030650854110717773
0.009106874465942383
0.0244290828704834
0.03758096694946289
0.044087886810302734
0.01737213134765625
0.021881103515625
0.0277860164642334
0.02529430389404297
0.018085241317749023
0.006602048873901367
0.03148007392883301
0.009134292602539062
0.010921955108642578
0.017371177673339844
0.03440117835998535
0.017611980438232422
0.012381315231323242
0.03256678581237793
0.03522515296936035
0.041304826736450195
0.01951003074645996
0.008001089096069336
0.028804779052734375
0.0434870719909668
0.02628302574157715
0.015889883041381836
0.030493974685668945
0.04966998100280762
0.01781296730041504
0.013679265975952148
0.038331031799316406
0.039022207260131836
0.043794870376586914
0.030982255935668945
0.04716610908508301
0.02087879180908203
0.015121936798095703
0.03515219688415527
0.03023386001586914
0.046859025955200195
0.009735107421875
0.009809017181396484
0.04977107048034668
0.0058629512786865234
0.03110194206237793
0.009890079498291016
0.018847942352294922
0.0359349250793457
0.03876495361328125
0.04779314994812012
0.009132862091064453
0.027538776397705078
0.026718854904174805
0.052520036697387695
0.029838085174560547
0.021516084671020508
0.036535024642944336
0.023190021514892578
0.030892133712768555
0.030104875564575195
0.020605087280273438
0.039930105209350586
0.05449986457824707
0.03329110145568848
0.014801025390625
0.008609771728515625
0.031203031539916992
0.013875007629394531
0.05327200889587402
0.023534059524536133
0.010860919952392578
0.03532576560974121
0.05217599868774414
0.031983137130737305
0.052850961685180664
0.031069278717041016
0.05643177032470703
0.016649961471557617
0.009244918823242188
0.015841960906982422
0.04567098617553711
0.020420074462890625
0.04172110557556152
0.019533872604370117
0.03964638710021973
0.004184722900390625
0.02566814422607422
0.05972790718078613
0.02514791488647461
0.020829200744628906
0.016096830368041992
0.03788185119628906
0.058860063552856445
0.024959802627563477
0.02743816375732422
0.025805950164794922
0.02410125732421875
0.05860400199890137
0.021039247512817383
0.041166067123413086
0.016369104385375977
0.06044602394104004
0.014657020568847656
0.03582310676574707
0.024658203125
0.03200888633728027
0.05097198486328125
0.02134418487548828
0.04599308967590332
0.028778076171875
0.047534942626953125
0.06479978561401367
0.02639293670654297
0.05086088180541992
0.04613018035888672
0.047036170959472656
0.007313966751098633
0.023062944412231445
0.023503780364990234
0.022095680236816406
0.04365205764770508
0.05864596366882324
0.04128623008728027
0.02410411834716797
0.011220932006835938
0.05123305320739746
0.0045659542083740234
0.031131982803344727
0.01581406593322754
0.017419815063476562
0.017969846725463867
0.055075883865356445
0.0517878532409668
0.06745219230651855
0.016511917114257812
0.004271268844604492
0.03568601608276367
0.05381608009338379
0.028362035751342773
0.018391132354736328
0.04579305648803711
0.03297615051269531
0.011264562606811523
0.048670053482055664
0.023167133331298828
0.03560805320739746
0.038719892501831055
0.012726068496704102
0.03293299674987793
0.013653993606567383
0.053405046463012695
0.05396604537963867
0.02089715003967285
0.030708789825439453
0.04606008529663086
0.016092777252197266
0.020388126373291016
0.06854391098022461
0.03557300567626953
0.02554607391357422
0.03876137733459473
0.03734302520751953
0.05857682228088379
0.013273000717163086
0.013382911682128906
0.05948519706726074
0.03909707069396973
0.07159209251403809
0.019336223602294922
0.04861187934875488
0.03793001174926758
0.030370712280273438
0.03273797035217285
0.014772891998291016
0.03825998306274414
0.007723093032836914
0.07515382766723633
0.054505109786987305
0.07428312301635742
0.052880287170410156
0.038899898529052734
0.0431978702545166
0.03622722625732422
0.031075239181518555
0.07156205177307129
0.02964019775390625
0.03419685363769531
0.02503490447998047
0.03342413902282715
0.024705886840820312
0.05556511878967285
0.025756120681762695
0.04394102096557617
0.023899078369140625
0.011188030242919922
0.04406309127807617
0.07494091987609863
0.0531468391418457
0.057231903076171875
0.019201040267944336
0.0653221607208252
0.020494699478149414
0.05822896957397461
0.08021020889282227
0.04280495643615723
0.020712852478027344
0.06895613670349121
0.04073596000671387
0.06851315498352051
0.06309318542480469
0.07415509223937988
0.00770115852355957
0.0695030689239502
0.07429313659667969
0.07672119140625
0.01759171485900879
0.026375770568847656
0.04553818702697754
0.06226801872253418
0.07221198081970215
0.025812864303588867
0.035031795501708984
0.07423710823059082
0.05386614799499512
0.01336979866027832
0.053160905838012695
0.037690162658691406
0.047087669372558594
0.08263564109802246
0.06571483612060547
0.08223199844360352
0.013798713684082031
0.041461944580078125
0.07636713981628418
0.03708195686340332
0.03260493278503418
0.022079944610595703
0.06619977951049805
0.043756961822509766
0.009713172912597656
0.016720056533813477
0.05492830276489258
0.033844947814941406
0.038053274154663086
0.04974699020385742
0.08580875396728516
0.032199859619140625
0.029852867126464844
0.05263519287109375
0.024684667587280273
0.08416914939880371
0.05241107940673828
0.09385919570922852
0.08203601837158203
0.068634033203125
0.0637669563293457
0.06625509262084961
0.02592301368713379
0.06511211395263672
0.08410811424255371
0.06643319129943848
0.043627023696899414
0.0728456974029541
0.016766071319580078
0.051827192306518555
0.07401204109191895
0.07274508476257324
0.06841921806335449
0.04855489730834961
0.07931399345397949
0.06181001663208008
0.07671284675598145
0.06842613220214844
0.06314969062805176
0.06035804748535156
0.011059045791625977
0.032414913177490234
0.08678579330444336
0.005471944808959961
0.01160120964050293
0.04244518280029297
0.029249906539916992
0.03583693504333496
0.055451154708862305
0.06912684440612793
0.07163691520690918
0.09396719932556152
0.06269311904907227
0.07309412956237793
0.06227302551269531
0.04464101791381836
0.06045269966125488
0.08617091178894043
0.046064138412475586
0.07837510108947754
0.07583189010620117
0.0951087474822998
0.03174018859863281
0.01790904998779297
0.07512092590332031
0.10130500793457031
0.02512192726135254
0.08214402198791504
0.09280204772949219
0.0885000228881836
0.05353689193725586
0.06182384490966797
0.041764020919799805
0.06075477600097656
0.06767797470092773
0.03796195983886719
0.017762184143066406
0.028472900390625
0.07103109359741211
0.08621096611022949
0.04790687561035156
0.08256697654724121
0.07927489280700684
0.09885311126708984
0.10751104354858398
0.05482029914855957
0.05897402763366699
0.06363129615783691
0.03934001922607422
0.007956981658935547
0.05888175964355469
0.05574822425842285
0.015681982040405273
0.035494089126586914
0.08998608589172363
0.10841822624206543
0.007280826568603516
0.11086106300354004
0.09419894218444824
0.0614628791809082
0.10352683067321777
0.10131406784057617
0.056517839431762695
0.08901715278625488
0.09205985069274902
0.011111021041870117
0.08094215393066406
0.008803844451904297
0.014078855514526367
0.014388322830200195
0.07617378234863281
0.012389898300170898
0.05460405349731445
0.010917186737060547
0.09846305847167969
0.05572986602783203
0.0035331249237060547
0.07302284240722656
0.019154071807861328
0.1054530143737793
0.07006406784057617
0.06250429153442383
0.11041092872619629
0.0759880542755127
0.019246816635131836
0.012844085693359375
0.11691689491271973
0.0442662239074707
0.09635090827941895
0.10966992378234863
0.07337284088134766
0.037895917892456055
0.09543299674987793
0.041525840759277344
0.0771780014038086
0.07123112678527832
0.053559064865112305
0.11846089363098145
0.11100101470947266
0.0779578685760498
0.1132206916809082
0.04232192039489746
0.11625003814697266
0.08304405212402344
0.06613898277282715
0.05270886421203613
0.021724939346313477
0.010234832763671875
0.02545309066772461
0.05205583572387695
0.07787179946899414
0.08885765075683594
0.020207881927490234
0.06205296516418457
0.036251068115234375
0.11725902557373047
0.03548789024353027
0.06076216697692871
0.09398818016052246
0.0382838249206543
0.11813712120056152
0.04850411415100098
0.009157180786132812
0.04931211471557617
0.025623083114624023
0.013045072555541992
0.08324766159057617
0.06808590888977051
0.06278777122497559
0.11722016334533691
0.009322166442871094
0.12378287315368652
0.10595583915710449
0.07863330841064453
0.126298189163208
0.07419490814208984
0.017299890518188477
0.1198110580444336
0.09486007690429688
0.061975955963134766
0.10457921028137207
0.0059490203857421875
0.10911989212036133
0.016235828399658203
0.007456779479980469
0.09521675109863281
0.04712510108947754
0.05731678009033203
0.04751110076904297
0.08243727684020996
0.03501605987548828
0.0052738189697265625
0.06209707260131836
0.046174049377441406
0.06854391098022461
0.028480052947998047
0.0707247257232666
0.11421895027160645
0.09345793724060059
0.021589994430541992
0.02297806739807129
0.05536007881164551
0.09560704231262207
0.050412893295288086
0.0168459415435791
0.025507211685180664
0.07478499412536621
0.004827976226806641
0.1073770523071289
0.0497128963470459
0.10307192802429199
0.025027036666870117
0.05971479415893555
0.0425417423248291
0.02462291717529297
0.03422808647155762
0.06857800483703613
0.09402775764465332
0.09290814399719238
0.02794504165649414
0.0701148509979248
0.08676600456237793
0.0069429874420166016
0.0467073917388916
0.07043194770812988
0.1311790943145752
0.12406396865844727
0.03261590003967285
0.08582592010498047
0.11747384071350098
0.08752202987670898
0.10427498817443848
0.029612064361572266
0.05004572868347168
0.13019680976867676
0.039132118225097656
0.1313769817352295
0.09724116325378418
0.06327128410339355
0.009475231170654297
0.016767024993896484
0.0317540168762207
0.07770895957946777
0.07755303382873535
0.09190511703491211
0.08382487297058105
0.014457941055297852
0.08228683471679688
0.12364983558654785
0.04970884323120117
0.07097911834716797
0.07925200462341309
0.10187005996704102
0.023890972137451172
0.11230683326721191
0.09518003463745117
0.04152083396911621
0.039911746978759766
0.028269052505493164
0.045204877853393555
0.018644094467163086
0.09869885444641113
0.06656098365783691
0.09432005882263184
0.1292111873626709
0.12897396087646484
0.12936806678771973
0.061025142669677734
0.07454109191894531
0.05457496643066406
0.024489164352416992
0.041342973709106445
0.13800501823425293
0.020324230194091797
0.10409116744995117
0.10049104690551758
0.0397038459777832
0.045248985290527344
0.01723313331604004
0.016243934631347656
0.06479406356811523
0.041645050048828125
0.1208028793334961
0.08025527000427246
0.08135032653808594
0.09758210182189941
0.02750110626220703
0.14719104766845703
0.10100007057189941
0.07232189178466797
0.10093426704406738
0.055738210678100586
0.041738033294677734
0.019537925720214844
0.12480425834655762
0.008183002471923828
0.06478691101074219
0.14676809310913086
0.10518717765808105
0.04136800765991211
0.12747788429260254
0.13811516761779785
0.0968160629272461
0.06528306007385254
0.01147007942199707
0.1476149559020996
0.11911225318908691
0.05465292930603027
0.02874302864074707
0.046825408935546875
0.11372184753417969
0.10394072532653809
0.047834157943725586
0.01300191879272461
0.025754928588867188
0.01092982292175293
0.05311393737792969
0.013261079788208008
0.11588501930236816
0.046010732650756836
0.13812708854675293
0.027205944061279297
0.0661320686340332
0.07242703437805176
0.016010046005249023
0.09486794471740723
0.00551605224609375
0.12209582328796387
0.06578493118286133
0.05504608154296875
0.12876415252685547
0.0739588737487793
0.0475001335144043
0.13045406341552734
0.15501117706298828
0.15594482421875
0.08689522743225098
0.026072025299072266
0.015080928802490234
0.044255971908569336
0.14492177963256836
0.036203861236572266
0.1442418098449707
0.10300397872924805
0.06273174285888672
0.007421970367431641
0.04538583755493164
0.0654442310333252
0.14466190338134766
0.13930082321166992
0.10900616645812988
0.06309318542480469
0.08794689178466797
0.062309980392456055
0.05883288383483887
0.13825106620788574
0.05066418647766113
0.11032986640930176
0.031250953674316406
0.12676405906677246
0.037275075912475586
0.051596879959106445
0.0864100456237793
0.06550097465515137
0.0482327938079834
0.15806007385253906
0.04758000373840332
0.03206777572631836
0.099517822265625
0.1525430679321289
0.02462911605834961
0.014734029769897461
0.037506103515625
0.12424802780151367
0.08560419082641602
0.056799888610839844
0.16550564765930176
0.015562057495117188
0.03673219680786133
0.05936002731323242
0.11626601219177246
0.08949494361877441
0.13088274002075195
0.1393580436706543
0.07226300239562988
0.13242864608764648
0.07381510734558105
0.06997489929199219
0.08102178573608398
0.0459132194519043
0.04255318641662598
0.16918087005615234
0.1655290126800537
0.10199499130249023
0.06225085258483887
0.1358931064605713
0.1331930160522461
0.03316974639892578
0.04482889175415039
0.0905458927154541
0.03768777847290039
0.08158993721008301
0.07235288619995117
0.013795852661132812
0.06155896186828613
0.07166719436645508
0.13846397399902344
0.1447596549987793
0.16555285453796387
0.1151580810546875
0.007961750030517578
0.12813115119934082
0.15091300010681152
0.03948378562927246
0.08687472343444824
0.15134382247924805
0.0439760684967041
0.04061317443847656
0.04442024230957031
0.1493549346923828
0.142836332321167
0.1359870433807373
0.1565539836883545
0.0823051929473877
0.14991998672485352
0.05376005172729492
0.030639171600341797
0.05702400207519531
0.024300098419189453
0.0789649486541748
0.05111193656921387
0.07365775108337402
0.018694162368774414
0.03479504585266113
0.13167905807495117
0.011605024337768555
0.08642935752868652
0.021683216094970703
0.16279911994934082
0.05163908004760742
0.056345224380493164
0.14637470245361328
0.04514288902282715
0.15900683403015137
0.039550065994262695
0.10988903045654297
0.15173602104187012
0.05373072624206543
0.08625316619873047
0.046015024185180664
0.11353802680969238
0.16759586334228516
0.09239506721496582
0.03917407989501953
0.03353285789489746
0.06237912178039551
0.02665400505065918
0.06893014907836914
0.09141898155212402
0.03343987464904785
0.17980480194091797
0.15488171577453613
0.0900869369506836
0.06864094734191895
0.1488652229309082
0.18214702606201172
0.14504289627075195
0.18130183219909668
0.10897994041442871
0.06529808044433594
0.05070781707763672
0.0730438232421875
0.017241954803466797
0.17508411407470703
0.10646700859069824
0.1613602638244629
0.0882558822631836
0.012257099151611328
0.011214017868041992
0.11530089378356934
0.04153609275817871
0.1495838165283203
0.07097077369689941
0.03800320625305176
0.056097984313964844
0.1403040885925293
0.18780803680419922
0.04896211624145508
0.1608889102935791
0.004580974578857422
0.13472223281860352
0.11917304992675781
0.10863780975341797
0.07105016708374023
0.08711981773376465
0.0633540153503418
0.03954005241394043
0.0800788402557373
0.11689615249633789
0.05736684799194336
0.17215323448181152
0.1590409278869629
0.09367585182189941
0.005264997482299805
0.17644906044006348
0.06487178802490234
0.11297988891601562
0.14333820343017578
0.18460798263549805
0.014780998229980469
0.1366257667541504
0.12778496742248535
0.013497114181518555
0.17753005027770996
0.07103991508483887
0.0639350414276123
0.030190706253051758
0.031152725219726562
0.14100313186645508
0.014081001281738281
0.14530301094055176
0.10482907295227051
0.12075424194335938
0.012321949005126953
0.06877684593200684
0.021310091018676758
0.10219597816467285
0.12527680397033691
0.046324968338012695
0.08930492401123047
0.16194796562194824
0.13262224197387695
0.06765484809875488
0.11058378219604492
0.03951001167297363
0.022841215133666992
0.030179262161254883
0.1729128360748291
0.020023107528686523
0.03813004493713379
0.10419201850891113
0.10614514350891113
0.06383609771728516
0.02753901481628418
0.1679830551147461
0.07222104072570801
0.03146481513977051
0.017746925354003906
0.18265891075134277
0.14290094375610352
0.17355704307556152
0.08405709266662598
0.029581069946289062
0.1278221607208252
0.13325786590576172
0.05117177963256836
0.17900896072387695
0.17284893989562988
0.060074806213378906
0.15358901023864746
0.10394883155822754
0.10273623466491699
0.1533219814300537
0.0711369514465332
0.1723499298095703
0.05799508094787598
0.07660102844238281
0.03628420829772949
0.15802216529846191
0.035711050033569336
0.11222600936889648
0.07855677604675293
0.1256999969482422
