0.016666650772094727
0.005698204040527344
0.02702784538269043
0.018468141555786133
0.012503862380981445
0.0038700103759765625
0.003667116165161133
0.0036058425903320312
0.003596067428588867
0.0035359859466552734
0.0033969879150390625
0.003425121307373047
0.003221750259399414
0.003871917724609375
0.0031731128692626953
0.0030961036682128906
0.0031571388244628906
0.0030069351196289062
0.003030061721801758
0.0029168128967285156
0.002927064895629883
0.0028829574584960938
0.0031371116638183594
0.003107786178588867
0.0029401779174804688
0.0035729408264160156
0.002763032913208008
0.002825021743774414
0.0028829574584960938
0.002866029739379883
0.0028009414672851562
0.002832174301147461
0.002840757369995117
0.0028569698333740234
0.002805948257446289
0.002845287322998047
0.0027818679809570312
0.003364086151123047
0.0028438568115234375
0.002802133560180664
0.002810955047607422
0.0027921199798583984
0.0028579235076904297
0.003059864044189453
0.002851247787475586
0.002904653549194336
0.0028352737426757812
0.0028591156005859375
0.0028657913208007812
0.003300905227661133
0.0029070377349853516
0.0028591156005859375
0.002872943878173828
0.0029342174530029297
0.002880573272705078
0.0028591156005859375
0.002852201461791992
0.0030660629272460938
0.0028238296508789062
0.002933025360107422
0.0028591156005859375
0.003313779830932617
0.002814054489135742
0.002920866012573242
0.002973318099975586
0.0028867721557617188
0.0029189586639404297
0.003010988235473633
0.0029592514038085938
0.002936840057373047
0.002866029739379883
0.0028710365295410156
0.0028219223022460938
0.0033931732177734375
0.0028579235076904297
0.0029990673065185547
0.002859830856323242
0.002871274948120117
0.002804994583129883
0.0030379295349121094
0.002850770950317383
0.0028481483459472656
0.0027959346771240234
0.002857208251953125
0.0027878284454345703
0.003280162811279297
0.002846956253051758
0.0028378963470458984
0.002808809280395508
0.0029931068420410156
0.0028390884399414062
0.0028128623962402344
0.0029621124267578125
0.0028998851776123047
0.002783060073852539
0.0028259754180908203
0.002955913543701172
0.00327301025390625
0.002774953842163086
0.002790212631225586
0.0027849674224853516
0.002928018569946289
0.0027980804443359375
0.0031998157501220703
0.0030112266540527344
0.002997875213623047
0.002859830856323242
0.0027980804443359375
0.002819061279296875
0.0033080577850341797
0.003103017807006836
0.002846956253051758
0.0027971267700195312
0.0027468204498291016
0.002825021743774414
0.0028069019317626953
0.002788066864013672
0.0027458667755126953
0.002794981002807617
0.002759218215942383
0.002789020538330078
0.003268003463745117
0.002807140350341797
0.0027828216552734375
0.0027458667755126953
0.0028269290924072266
0.0030651092529296875
0.0029871463775634766
0.0029058456420898438
0.0028259754180908203
0.002777099609375
0.0027289390563964844
0.0027430057525634766
0.0033521652221679688
0.0027997493743896484
0.002763032913208008
0.0027551651000976562
0.002836942672729492
0.002850055694580078
0.0028028488159179688
0.0027971267700195312
0.0028350353240966797
0.0027780532836914062
0.0027718544006347656
0.0027000904083251953
0.0032987594604492188
0.0027751922607421875
0.0029969215393066406
0.002805948257446289
0.0027692317962646484
0.0027358531951904297
0.0027551651000976562
0.002774953842163086
0.0028009414672851562
0.002780914306640625
0.002752065658569336
0.002731800079345703
0.003244161605834961
0.0027670860290527344
0.0028450489044189453
0.002958059310913086
0.006880998611450195
0.0029838085174560547
0.016993999481201172
0.004191160202026367
0.0032629966735839844
0.003251791000366211
0.0032320022583007812
0.0034592151641845703
0.0037140846252441406
0.0032105445861816406
0.0030472278594970703
0.002936124801635742
0.0030248165130615234
0.002924203872680664
0.0029058456420898438
0.002952098846435547
0.0028197765350341797
0.0028111934661865234
0.0027320384979248047
0.002719879150390625
0.003381013870239258
0.0027511119842529297
0.0027799606323242188
0.003081798553466797
0.002865314483642578
0.002707958221435547
0.002772808074951172
0.0027151107788085938
0.0027518272399902344
0.002749919891357422
0.0027740001678466797
0.0027751922607421875
0.003229856491088867
0.0026972293853759766
0.002763032913208008
0.0029430389404296875
0.0028259754180908203
0.0027709007263183594
0.0027871131896972656
0.0028040409088134766
0.0027976036071777344
0.002766132354736328
0.0027589797973632812
0.0027501583099365234
0.003290891647338867
0.003013134002685547
0.002894878387451172
0.002874135971069336
0.002864837646484375
0.004759073257446289
0.0028128623962402344
0.002679109573364258
0.002763986587524414
0.002878904342651367
0.0027992725372314453
0.0027778148651123047
0.0031800270080566406
0.0026841163635253906
0.002755880355834961
0.002735137939453125
0.002794027328491211
0.0027909278869628906
0.0027399063110351562
0.0027780532836914062
0.0028181076049804688
0.002858877182006836
0.0029997825622558594
0.0028181076049804688
0.0032351016998291016
0.0028841495513916016
0.002895832061767578
0.021409034729003906
0.004200935363769531
0.003269195556640625
0.003284931182861328
0.0034999847412109375
0.0031790733337402344
0.003117799758911133
0.003097057342529297
0.0030930042266845703
0.0035610198974609375
0.002975940704345703
0.0030939579010009766
0.003162860870361328
0.0028312206268310547
0.00273895263671875
0.002750873565673828
0.0030341148376464844
0.002992868423461914
0.0029811859130859375
0.0031108856201171875
0.0029833316802978516
0.003566741943359375
0.003078937530517578
0.0030052661895751953
0.003101825714111328
0.0029981136322021484
0.002942800521850586
0.0029692649841308594
0.0032308101654052734
0.003247976303100586
0.0032072067260742188
0.0032739639282226562
0.003509044647216797
0.003549814224243164
0.0029959678649902344
0.0030138492584228516
0.002929210662841797
0.0028929710388183594
0.0029761791229248047
0.0029189586639404297
0.0029859542846679688
0.0030059814453125
0.0029358863830566406
0.002997159957885742
0.0030188560485839844
0.0035011768341064453
0.003062009811401367
0.003246784210205078
0.0030450820922851562
0.0031261444091796875
0.003171682357788086
0.003231048583984375
0.0029511451721191406
0.002856016159057617
0.002878904342651367
0.0029261112213134766
0.003014802932739258
0.003484964370727539
0.002766132354736328
0.0027801990509033203
0.002919912338256836
0.002852916717529297
0.002777099609375
0.0026397705078125
0.002724170684814453
0.0028238296508789062
0.002735137939453125
0.002980947494506836
0.0027561187744140625
0.003209829330444336
0.002710103988647461
0.002763032913208008
0.002769947052001953
0.0027780532836914062
0.002747774124145508
0.002737283706665039
0.002725839614868164
0.002814054489135742
0.0027658939361572266
0.002814054489135742
0.002753019332885742
0.0032372474670410156
0.002657651901245117
0.002846240997314453
0.0027747154235839844
0.002777099609375
0.0027441978454589844
0.002772808074951172
0.0027010440826416016
0.0027332305908203125
0.0028107166290283203
0.002743244171142578
0.002875804901123047
0.0032792091369628906
0.002805948257446289
0.0028297901153564453
0.0028221607208251953
0.0027818679809570312
0.002791881561279297
0.002781391143798828
0.002888917922973633
0.0028028488159179688
0.0027458667755126953
0.0028221607208251953
0.002765178680419922
0.0032727718353271484
0.0027730464935302734
0.0028820037841796875
0.002794981002807617
0.002838134765625
0.0027489662170410156
0.002917766571044922
0.0029211044311523438
0.003081083297729492
0.0028700828552246094
0.0028388500213623047
0.0029370784759521484
0.0032618045806884766
0.0027341842651367188
0.0028328895568847656
0.002886056900024414
0.002836942672729492
0.0027511119842529297
0.002819061279296875
0.002711772918701172
0.0028090476989746094
0.0027489662170410156
0.0027980804443359375
0.0027399063110351562
0.003159046173095703
0.002886056900024414
0.0027930736541748047
0.002744913101196289
0.0027430057525634766
0.0027360916137695312
0.0027289390563964844
0.009666204452514648
0.003125905990600586
0.0028717517852783203
0.0028159618377685547
0.002825021743774414
0.0032460689544677734
0.0027740001678466797
0.002862215042114258
0.002805948257446289
0.0028600692749023438
0.0027408599853515625
0.002811908721923828
0.0028259754180908203
0.0027551651000976562
0.003016948699951172
0.002852916717529297
0.0028960704803466797
0.0033521652221679688
0.002808809280395508
0.002825021743774414
0.002753019332885742
0.0028221607208251953
0.002789735794067383
0.0028150081634521484
0.0027360916137695312
0.002772092819213867
0.0027818679809570312
0.002886056900024414
0.002763032913208008
0.0033159255981445312
0.002844095230102539
0.0029408931732177734
0.002774953842163086
0.0028553009033203125
0.002820730209350586
0.0028171539306640625
0.002858877182006836
0.0028290748596191406
0.002696990966796875
0.0028009414672851562
0.0027289390563964844
0.0033271312713623047
0.002859830856323242
0.002760171890258789
0.002753019332885742
0.002758026123046875
0.0027818679809570312
0.002843141555786133
0.0027618408203125
0.0027990341186523438
0.002749204635620117
0.002966642379760742
0.0029103755950927734
0.0032958984375
0.002825021743774414
0.0027840137481689453
0.002797842025756836
0.0028808116912841797
0.002807140350341797
0.0027718544006347656
0.0028002262115478516
0.002766847610473633
0.002763986587524414
0.002760171890258789
0.0028569698333740234
0.003287792205810547
0.002936124801635742
0.002880096435546875
0.0027658939361572266
0.0029070377349853516
0.002759218215942383
0.0028638839721679688
0.002859830856323242
0.0027883052825927734
0.0027968883514404297
0.0027637481689453125
0.0027751922607421875
0.003384113311767578
0.002779722213745117
0.0027472972869873047
0.002724885940551758
0.002730846405029297
0.0028150081634521484
0.0027000904083251953
0.0027408599853515625
0.002791166305541992
0.0028450489044189453
0.0028829574584960938
0.002853870391845703
0.0033011436462402344
0.003056049346923828
0.002789020538330078
0.002711772918701172
0.002752065658569336
0.0028221607208251953
0.002792835235595703
0.0027379989624023438
0.0028181076049804688
0.0030450820922851562
0.003495931625366211
0.003204822540283203
0.0036852359771728516
0.0033876895904541016
0.003353118896484375
0.003021240234375
0.002908945083618164
0.0028641223907470703
0.002834796905517578
0.0028188228607177734
0.0029222965240478516
0.0031969547271728516
0.003061056137084961
0.0029218196868896484
0.003267049789428711
0.0028281211853027344
0.0029709339141845703
0.002811908721923828
0.0028760433197021484
0.002846956253051758
0.0029718875885009766
0.002887248992919922
0.0028679370880126953
0.002835988998413086
0.002846956253051758
0.0027778148651123047
0.0036170482635498047
0.0029981136322021484
0.0028269290924072266
0.0027980804443359375
0.002888917922973633
0.0029211044311523438
0.0028710365295410156
0.002794981002807617
0.002875804901123047
0.002794981002807617
0.002974271774291992
0.003106832504272461
0.003267049789428711
0.0028350353240966797
0.0028200149536132812
0.0027761459350585938
0.002769947052001953
0.0029299259185791016
0.0027649402618408203
0.0028238296508789062
0.002820253372192383
0.0027730464935302734
0.0028100013732910156
0.002817869186401367
0.003393888473510742
0.0029342174530029297
0.0029790401458740234
0.002918720245361328
0.0030012130737304688
0.002853870391845703
0.003050088882446289
0.002750873565673828
0.0027730464935302734
0.002704143524169922
0.0028448104858398438
0.002862215042114258
0.0032439231872558594
0.0027358531951904297
0.0027990341186523438
0.002730131149291992
0.0027718544006347656
0.0027132034301757812
0.0027430057525634766
0.002724885940551758
0.0027399063110351562
0.0027570724487304688
0.0027761459350585938
0.0028069019317626953
0.003306865692138672
0.0028181076049804688
0.0031070709228515625
0.003036975860595703
0.002949953079223633
0.002855062484741211
0.002830028533935547
0.002824068069458008
0.002875804901123047
0.002788066864013672
0.0027551651000976562
0.0027039051055908203
0.0034317970275878906
0.002807140350341797
0.0028879642486572266
0.0028378963470458984
0.0029129981994628906
0.0028259754180908203
0.002975940704345703
0.0028891563415527344
0.0029239654541015625
0.002892017364501953
0.002920866012573242
0.0031790733337402344
0.0032911300659179688
0.002721071243286133
0.0027878284454345703
0.0027298927307128906
0.002803325653076172
0.002742767333984375
0.0027740001678466797
0.0028002262115478516
0.0028028488159179688
0.002833843231201172
0.0027823448181152344
0.002772808074951172
0.003267049789428711
0.0027408599853515625
0.0026941299438476562
0.002769947052001953
0.0027849674224853516
0.002780914306640625
0.0028810501098632812
0.002782106399536133
0.0029621124267578125
0.0029838085174560547
0.0028791427612304688
0.0028069019317626953
0.003278017044067383
0.002705097198486328
0.0028128623962402344
0.0027790069580078125
0.0028192996978759766
0.0028307437896728516
0.002856016159057617
0.002789020538330078
0.002841949462890625
0.002859830856323242
0.002907276153564453
0.0030798912048339844
0.0033190250396728516
0.002950906753540039
0.0029098987579345703
0.0029451847076416016
0.0030319690704345703
0.0027360916137695312
0.002755880355834961
0.002765178680419922
0.002750873565673828
0.002780914306640625
0.002802133560180664
0.0026907920837402344
0.0032432079315185547
0.002813100814819336
0.0027778148651123047
0.0028989315032958984
0.0028471946716308594
0.0027790069580078125
0.002789735794067383
0.0027840137481689453
0.0028562545776367188
0.002727985382080078
0.002724885940551758
0.002771139144897461
0.003283977508544922
0.003075122833251953
0.0029888153076171875
0.002808094024658203
0.002821683883666992
0.0027971267700195312
0.0028662681579589844
0.0027327537536621094
0.0027730464935302734
0.0028069019317626953
0.0027730464935302734
0.0027141571044921875
0.0032749176025390625
0.0028390884399414062
0.0028607845306396484
0.002783060073852539
0.0027539730072021484
0.002771139144897461
0.0027968883514404297
0.002791166305541992
0.0028307437896728516
0.0028831958770751953
0.002833843231201172
0.0027849674224853516
0.0032830238342285156
0.0027730464935302734
0.002762317657470703
0.0029296875
0.0029442310333251953
0.0029859542846679688
0.0029299259185791016
0.0027828216552734375
0.0029549598693847656
0.0028421878814697266
0.002796173095703125
0.0027937889099121094
0.0033559799194335938
0.0027861595153808594
0.0027277469635009766
0.002765178680419922
0.0028069019317626953
0.0027320384979248047
0.002785205841064453
0.0028176307678222656
0.0027091503143310547
0.0027129650115966797
0.0027780532836914062
0.002771139144897461
0.0032618045806884766
0.0027871131896972656
0.002727031707763672
0.0029230117797851562
0.0028200149536132812
0.0031099319458007812
0.0028069019317626953
0.0028259754180908203
0.002772092819213867
0.002785921096801758
0.0027320384979248047
0.002768993377685547
0.003464937210083008
0.002868175506591797
0.0027899742126464844
0.0028090476989746094
0.002736806869506836
0.0027310848236083984
0.002724170684814453
0.002892017364501953
0.0029478073120117188
0.0028290748596191406
0.0029387474060058594
0.0029261112213134766
0.0032320022583007812
0.002825021743774414
0.0029511451721191406
0.0028159618377685547
0.0028219223022460938
0.0027849674224853516
0.002780914306640625
0.0027740001678466797
0.0027341842651367188
0.0028748512268066406
0.0026962757110595703
0.0027997493743896484
0.0032219886779785156
0.0028879642486572266
0.002668142318725586
0.0027260780334472656
0.002794027328491211
0.0028040409088134766
0.0028858184814453125
0.002780914306640625
0.0028221607208251953
0.003092050552368164
0.0029299259185791016
0.0027501583099365234
0.003198862075805664
0.0028078556060791016
0.002772092819213867
0.0027670860290527344
0.002691984176635742
0.002724885940551758
0.0026700496673583984
0.002811908721923828
0.0028002262115478516
0.0027549266815185547
0.0027649402618408203
0.0028231143951416016
0.0032668113708496094
0.0027391910552978516
0.002656698226928711
0.003015279769897461
0.002974987030029297
0.00290679931640625
0.0029449462890625
0.0029230117797851562
0.0027751922607421875
0.0031218528747558594
0.0028409957885742188
0.0028171539306640625
0.003259897232055664
0.002752065658569336
0.0027501583099365234
0.0029697418212890625
0.0028371810913085938
0.0028929710388183594
0.0027740001678466797
0.00273895263671875
0.002753019332885742
0.002769947052001953
0.00279998779296875
0.0027730464935302734
0.0032389163970947266
0.0026540756225585938
0.002730846405029297
0.002768278121948242
0.0027518272399902344
0.0030879974365234375
0.0030062198638916016
0.0028078556060791016
0.0028710365295410156
0.002975940704345703
0.0029010772705078125
0.0028090476989746094
0.0032279491424560547
0.0029458999633789062
0.002849102020263672
0.0027828216552734375
0.0028340816497802734
0.0027871131896972656
0.002958059310913086
0.0029449462890625
0.0029859542846679688
0.002994060516357422
0.002836942672729492
0.00279998779296875
0.0032868385314941406
0.0027701854705810547
0.0029268264770507812
0.0029392242431640625
0.002950906753540039
0.0029540061950683594
0.002871990203857422
0.0027761459350585938
0.0028438568115234375
0.0027379989624023438
0.0028009414672851562
0.0027680397033691406
0.003226041793823242
0.0027539730072021484
0.0028328895568847656
0.002785205841064453
0.0028200149536132812
0.0027856826782226562
0.002906322479248047
0.0029659271240234375
0.0029828548431396484
0.0030841827392578125
0.003026723861694336
0.003049135208129883
0.0033152103424072266
0.002789735794067383
0.002794981002807617
0.002771139144897461
0.0027718544006347656
0.0027570724487304688
0.002827167510986328
0.0028090476989746094
0.0030558109283447266
0.002916097640991211
0.0028870105743408203
0.0029327869415283203
0.003304004669189453
0.002820253372192383
0.0028200149536132812
0.002783060073852539
0.0027756690979003906
0.0027430057525634766
0.0027801990509033203
0.002850770950317383
0.003130197525024414
0.002916097640991211
0.0028138160705566406
0.0027990341186523438
0.0033681392669677734
0.0028259754180908203
0.002849102020263672
0.0027608871459960938
0.0028138160705566406
0.0028171539306640625
0.0029680728912353516
0.0030138492584228516
0.002824068069458008
0.00279998779296875
0.0029997825622558594
0.0027892589569091797
0.003351926803588867
0.0027768611907958984
0.002805948257446289
0.0028142929077148438
0.0028717517852783203
0.002825021743774414
0.002863168716430664
0.002788066864013672
0.002875804901123047
0.002821207046508789
0.002893686294555664
0.002801179885864258
0.0032889842987060547
0.002888917922973633
0.0028519630432128906
0.002948284149169922
0.0030007362365722656
0.002899169921875
0.003095865249633789
0.0029129981994628906
0.003092050552368164
0.0028688907623291016
0.002804994583129883
0.002788066864013672
0.0034470558166503906
0.0028421878814697266
0.002809762954711914
0.0028312206268310547
0.0028438568115234375
0.0028879642486572266
0.0028378963470458984
0.002820253372192383
0.0028388500213623047
0.0028219223022460938
0.0027620792388916016
0.002763032913208008
0.003269195556640625
0.0027556419372558594
0.002759218215942383
0.0028429031372070312
0.002850055694580078
0.003083944320678711
0.002877950668334961
0.0027899742126464844
0.002721071243286133
0.002813100814819336
0.002897977828979492
0.002863168716430664
0.0032987594604492188
0.002794981002807617
0.002856016159057617
0.0027968883514404297
0.002819061279296875
0.0027501583099365234
0.002852916717529297
0.0027909278869628906
0.0027861595153808594
0.0027348995208740234
0.0029261112213134766
0.0029947757720947266
0.0033071041107177734
0.0029850006103515625
0.0030660629272460938
0.0027599334716796875
0.0028200149536132812
0.002830982208251953
0.002859830856323242
0.002801179885864258
0.0028209686279296875
0.002816915512084961
0.002825021743774414
0.002845287322998047
0.00337982177734375
0.0028018951416015625
0.002924203872680664
0.0028238296508789062
0.0029969215393066406
0.0028333663940429688
0.002796649932861328
0.002804279327392578
0.002853870391845703
0.002746105194091797
0.0028269290924072266
0.002813100814819336
0.0032508373260498047
0.0027899742126464844
0.0028870105743408203
0.002766847610473633
0.0027992725372314453
0.0027048587799072266
0.002704143524169922
0.002756834030151367
0.0028400421142578125
0.002791881561279297
0.002710103988647461
0.0027501583099365234
0.003278970718383789
0.002753019332885742
0.002755880355834961
0.002743244171142578
0.0027017593383789062
0.0029489994049072266
0.0031480789184570312
0.0030488967895507812
0.003056049346923828
0.0030100345611572266
0.003041982650756836
0.0030050277709960938
0.0032880306243896484
0.0028378963470458984
0.002894878387451172
0.0028221607208251953
0.002810955047607422
0.002789020538330078
0.002780914306640625
0.0028040409088134766
0.002759218215942383
0.002705812454223633
0.0028150081634521484
0.002830028533935547
0.003202199935913086
0.002772808074951172
0.002772092819213867
0.0027647018432617188
0.002819061279296875
0.002766132354736328
0.0027840137481689453
0.002908945083618164
0.002790212631225586
0.0027358531951904297
0.0027420520782470703
0.002791881561279297
0.0034291744232177734
0.003185749053955078
0.00286102294921875
0.002808094024658203
0.0028219223022460938
0.0028181076049804688
0.0028519630432128906
0.002814054489135742
0.0027539730072021484
0.0027849674224853516
0.00279998779296875
0.0027871131896972656
0.0032949447631835938
0.002744913101196289
0.0028252601623535156
0.002798795700073242
0.002688884735107422
0.002753019332885742
0.0027980804443359375
0.0027740001678466797
0.002702951431274414
0.0027990341186523438
0.0028061866760253906
0.0029947757720947266
0.003242969512939453
0.0027370452880859375
0.002804994583129883
