0.13174915313720703
0.03166699409484863
0.07947993278503418
0.037760019302368164
0.09643220901489258
0.08716297149658203
0.025490760803222656
0.10026979446411133
0.08920812606811523
0.07829093933105469
0.06298422813415527
0.035243988037109375
0.07525801658630371
0.008456945419311523
0.09488081932067871
0.018574953079223633
0.02943897247314453
0.052501678466796875
0.031764984130859375
0.06373929977416992
0.055667877197265625
0.034974098205566406
0.09542584419250488
0.0220029354095459
0.030073165893554688
0.05098104476928711
0.08043098449707031
0.07067608833312988
0.018113136291503906
0.02946305274963379
0.08573007583618164
0.03068709373474121
0.014101028442382812
0.018655061721801758
0.017406940460205078
0.03311586380004883
0.03815102577209473
0.009757041931152344
0.06865906715393066
0.08123016357421875
0.019053936004638672
0.10073995590209961
0.03967595100402832
0.07563114166259766
0.030061960220336914
0.01720118522644043
0.06871604919433594
0.07290315628051758
0.030106782913208008
0.06658601760864258
0.017197608947753906
0.0051767826080322266
0.0663611888885498
0.03439521789550781
0.07159805297851562
0.08984208106994629
0.024328947067260742
0.09482383728027344
0.026790142059326172
0.029106855392456055
0.08892107009887695
0.10532402992248535
0.012939929962158203
0.02923893928527832
0.10345602035522461
0.04416203498840332
0.06787991523742676
0.021725893020629883
0.04288196563720703
0.00820612907409668
0.08072495460510254
0.02991318702697754
0.10692405700683594
0.09104585647583008
0.10419797897338867
0.09609007835388184
0.10152435302734375
0.006153106689453125
0.030545949935913086
0.0920708179473877
0.07647705078125
0.06945610046386719
0.036598920822143555
0.03506302833557129
0.09269595146179199
0.03955411911010742
0.1022946834564209
0.053270816802978516
0.05613517761230469
0.02800893783569336
0.0901799201965332
0.007867813110351562
0.044794321060180664
0.04888916015625
0.08212423324584961
0.0330202579498291
0.015053987503051758
0.10119295120239258
0.07845282554626465
0.06155800819396973
0.043398141860961914
0.04409384727478027
0.005337953567504883
0.09460783004760742
0.0313410758972168
0.05312991142272949
0.012193918228149414
0.06459426879882812
0.03418302536010742
0.016386032104492188
0.08993697166442871
0.03931593894958496
0.05820178985595703
0.07210206985473633
0.0554959774017334
0.032860755920410156
0.08521294593811035
0.009144783020019531
0.021848201751708984
0.0839080810546875
0.031086206436157227
0.08541679382324219
0.050633907318115234
0.034365177154541016
0.02216506004333496
0.01300191879272461
0.036477088928222656
0.04832100868225098
0.03376007080078125
0.02062392234802246
0.08343100547790527
0.09060406684875488
0.06754708290100098
0.04526066780090332
0.07520103454589844
0.017941951751708984
0.012796878814697266
0.1027841567993164
0.07487225532531738
0.08190584182739258
0.053241729736328125
0.09005117416381836
0.08278918266296387
0.06757497787475586
0.02382802963256836
0.025654077529907227
0.09321975708007812
0.04472708702087402
0.07593321800231934
0.10163211822509766
0.08501195907592773
0.07092118263244629
0.03748202323913574
0.02926015853881836
0.042775869369506836
0.06453227996826172
0.01119089126586914
0.008059024810791016
0.05615735054016113
0.06642007827758789
0.01645207405090332
0.07956767082214355
0.03366494178771973
0.08155107498168945
0.0503079891204834
0.03785276412963867
0.07013607025146484
0.07887887954711914
0.013972997665405273
0.031185150146484375
0.0227658748626709
0.012311697006225586
0.031414031982421875
0.06618905067443848
0.0412287712097168
0.0611419677734375
0.08582091331481934
0.05415797233581543
0.06548309326171875
0.0787360668182373
0.05396914482116699
0.043862104415893555
0.05294322967529297
0.07833003997802734
0.023399829864501953
0.012060880661010742
0.0653679370880127
0.08182215690612793
0.082733154296875
0.08461499214172363
0.10472297668457031
0.04485917091369629
0.009699106216430664
0.08586311340332031
0.055349111557006836
0.09733915328979492
0.02391505241394043
0.02007603645324707
0.08316731452941895
0.08475375175476074
0.04273366928100586
0.04580116271972656
0.08931493759155273
0.04100203514099121
0.06376385688781738
0.08620429039001465
0.10243916511535645
0.05457806587219238
0.07973980903625488
0.08990097045898438
0.0841820240020752
0.06913399696350098
0.05420112609863281
0.10477995872497559
0.04848194122314453
0.09587907791137695
0.030754804611206055
0.10031986236572266
0.07337498664855957
0.08951210975646973
0.0509037971496582
0.028033018112182617
0.0470278263092041
0.07372808456420898
0.006313800811767578
0.04434990882873535
0.03976297378540039
0.04407215118408203
0.04433107376098633
0.01741313934326172
0.0266110897064209
0.02294611930847168
0.013683319091796875
0.09566807746887207
0.08746099472045898
0.04132866859436035
0.08646988868713379
0.01770496368408203
0.058609962463378906
0.06766200065612793
0.07497811317443848
0.0879979133605957
0.04259204864501953
0.041169166564941406
0.042946815490722656
0.07693123817443848
0.07767605781555176
0.08887004852294922
0.06936001777648926
0.09185409545898438
0.04105997085571289
0.02813100814819336
0.09529995918273926
0.028719186782836914
0.04029107093811035
0.06042003631591797
0.08097004890441895
0.08215212821960449
0.06852316856384277
0.00805211067199707
0.05173206329345703
0.0586550235748291
0.018632888793945312
0.04691720008850098
0.03447914123535156
0.016633987426757812
0.036741018295288086
0.010921955108642578
0.030987024307250977
0.04947209358215332
0.08144998550415039
0.09788680076599121
0.013442754745483398
0.09040713310241699
0.0667109489440918
0.0882568359375
0.019433021545410156
0.06848978996276855
0.05112600326538086
0.028679847717285156
0.010165929794311523
0.085906982421875
0.0070989131927490234
0.07726812362670898
0.04700112342834473
0.05652785301208496
0.046365976333618164
0.07520103454589844
0.030796051025390625
0.05704021453857422
0.10235190391540527
0.06092405319213867
0.05935096740722656
0.06176900863647461
0.1011819839477539
0.06160283088684082
0.03910493850708008
0.098297119140625
0.025661230087280273
0.07586097717285156
0.09847092628479004
0.046090126037597656
0.07904195785522461
0.0674288272857666
0.10514593124389648
0.020342111587524414
0.03250908851623535
0.050511837005615234
0.013347148895263672
0.03326702117919922
0.04503130912780762
0.0474550724029541
0.055845022201538086
0.09804391860961914
0.08939194679260254
0.06349492073059082
0.06933236122131348
0.10581517219543457
0.0038390159606933594
0.05713820457458496
0.06633377075195312
0.06610298156738281
0.09859824180603027
0.09447693824768066
0.0512242317199707
0.04277515411376953
0.04513287544250488
0.04254627227783203
0.09202361106872559
0.029124021530151367
0.02289605140686035
0.07340407371520996
0.08382487297058105
0.04392385482788086
0.10124897956848145
0.04296708106994629
0.057308197021484375
0.04675698280334473
0.027548789978027344
0.020380020141601562
0.03278493881225586
0.07102823257446289
0.05822324752807617
0.0865790843963623
0.09429192543029785
0.08886909484863281
0.07274174690246582
0.08876919746398926
0.02800893783569336
0.023192167282104492
0.09293389320373535
0.0882408618927002
0.06919288635253906
0.08952188491821289
0.05176687240600586
0.04839920997619629
0.03687310218811035
0.03599691390991211
0.013139009475708008
0.018941879272460938
0.02467203140258789
0.04883909225463867
0.06395602226257324
0.06809210777282715
0.06721901893615723
0.06560516357421875
0.10198712348937988
0.06300592422485352
0.060243844985961914
0.04945015907287598
0.03463315963745117
0.04443025588989258
0.06577587127685547
0.0471796989440918
0.02456188201904297
0.05863499641418457
0.057315826416015625
0.10254812240600586
0.07516288757324219
0.0849761962890625
0.014951944351196289
0.06875181198120117
0.07518506050109863
0.06759071350097656
0.06317710876464844
0.07618832588195801
0.07775211334228516
0.07506608963012695
0.020343780517578125
0.021670103073120117
0.06415987014770508
0.09377598762512207
0.013118982315063477
0.01807379722595215
0.041754722595214844
0.030894041061401367
0.03506779670715332
0.052427053451538086
0.0227811336517334
0.00986337661743164
0.1012563705444336
0.027445077896118164
0.02039790153503418
0.09874320030212402
0.013432979583740234
0.040040016174316406
0.013254165649414062
0.060211896896362305
0.06602168083190918
0.07796311378479004
0.055329084396362305
0.032006025314331055
0.08534097671508789
0.024579763412475586
0.04201316833496094
0.02769613265991211
0.0773918628692627
0.0697031021118164
0.08901500701904297
0.031497955322265625
0.09167814254760742
0.01737809181213379
0.0592188835144043
0.07944989204406738
0.04251813888549805
0.0058879852294921875
0.09169197082519531
0.04038119316101074
0.04269576072692871
0.09719109535217285
0.054406166076660156
0.005614042282104492
0.09595775604248047
0.08267688751220703
0.032959938049316406
0.05151510238647461
0.08315181732177734
0.0939028263092041
0.06146883964538574
0.05477309226989746
0.08795285224914551
0.06927990913391113
0.05881500244140625
0.05640435218811035
0.04535412788391113
0.05432486534118652
0.07697319984436035
0.006500720977783203
0.0345609188079834
0.029927968978881836
0.06854510307312012
0.09674477577209473
0.09560203552246094
0.09958410263061523
0.039266109466552734
0.04877901077270508
0.09073519706726074
0.10541486740112305
0.09938788414001465
0.09129595756530762
0.030766010284423828
0.03134489059448242
0.014181852340698242
0.08956432342529297
0.10132718086242676
0.01817011833190918
0.02907085418701172
0.04101204872131348
0.07557082176208496
0.07540726661682129
0.04038095474243164
0.01641225814819336
0.005524873733520508
0.04691600799560547
0.10000896453857422
0.09939002990722656
0.01572108268737793
0.06207895278930664
0.016370058059692383
0.10604429244995117
0.1026151180267334
0.011102914810180664
0.0897059440612793
0.052407264709472656
0.05924510955810547
0.06500697135925293
0.02415180206298828
0.044206857681274414
0.09771299362182617
0.015333890914916992
0.06464910507202148
0.023387908935546875
0.04705691337585449
0.012872934341430664
0.040019989013671875
0.059391021728515625
0.06469583511352539
0.0795280933380127
0.08947587013244629
0.08423399925231934
0.00992727279663086
0.04664206504821777
0.009487152099609375
0.03800320625305176
0.00934290885925293
0.08182501792907715
0.029206037521362305
0.03765106201171875
0.009139776229858398
0.0665438175201416
0.04848074913024902
0.07651710510253906
0.06523299217224121
0.08134293556213379
0.076751708984375
0.08465576171875
0.05577993392944336
0.02128005027770996
0.01731109619140625
0.05309009552001953
0.021234989166259766
0.09858298301696777
0.005722999572753906
0.00423121452331543
0.05669116973876953
0.05192375183105469
0.02192401885986328
0.05275106430053711
0.06691908836364746
0.020715951919555664
0.06948208808898926
0.015974998474121094
0.09836792945861816
0.029581069946289062
0.0507359504699707
0.05487799644470215
0.09462785720825195
0.008960723876953125
0.026246070861816406
0.03463292121887207
0.06856513023376465
0.045999765396118164
0.04537606239318848
0.03901219367980957
0.06186532974243164
0.04207801818847656
0.10179495811462402
0.07011985778808594
0.07554388046264648
0.07864999771118164
0.025142908096313477
0.029633045196533203
0.06733894348144531
0.03161430358886719
0.0913851261138916
0.05785107612609863
0.047425031661987305
0.08777594566345215
0.04918098449707031
0.06506013870239258
0.0416259765625
0.06476497650146484
0.097930908203125
0.03832197189331055
0.09873270988464355
0.08029484748840332
0.0692601203918457
0.07364916801452637
0.03600478172302246
0.004555225372314453
0.04359006881713867
0.02600383758544922
0.041545867919921875
0.07998895645141602
0.04146909713745117
0.020238161087036133
0.018468856811523438
0.1047360897064209
0.01857280731201172
0.09199905395507812
0.05812811851501465
0.06429815292358398
0.009509086608886719
0.008845806121826172
0.051154136657714844
0.09279894828796387
0.01877117156982422
0.06776189804077148
0.04104113578796387
0.07609891891479492
0.04419207572937012
0.027708053588867188
0.031427860260009766
0.04262495040893555
0.03986310958862305
0.09044408798217773
0.011487007141113281
0.048254966735839844
0.05122709274291992
0.01145792007446289
0.010295867919921875
0.04070901870727539
0.08704304695129395
0.033056020736694336
0.08792805671691895
0.06460690498352051
0.03771209716796875
0.05259895324707031
0.10383272171020508
0.014843940734863281
0.03044581413269043
0.020294904708862305
0.020091772079467773
0.09214496612548828
0.1043701171875
0.09795808792114258
0.07572388648986816
0.025819778442382812
0.09214186668395996
0.06780171394348145
0.053800106048583984
0.021512985229492188
0.031347036361694336
0.03716111183166504
0.037312984466552734
0.05659008026123047
0.005033016204833984
0.06467199325561523
0.06478428840637207
0.014703035354614258
0.0634160041809082
0.030705928802490234
0.03963899612426758
0.07209277153015137
0.019797086715698242
0.025797128677368164
0.041220903396606445
0.09206891059875488
0.09222412109375
0.022545814514160156
0.0830531120300293
0.023292064666748047
0.07221221923828125
0.010936260223388672
0.05812501907348633
0.10439705848693848
0.014806032180786133
0.07121610641479492
0.04981803894042969
0.060002803802490234
0.05436396598815918
0.06244301795959473
0.07232403755187988
0.048358917236328125
0.03391909599304199
0.027978897094726562
0.0462188720703125
0.09640979766845703
0.08739924430847168
0.048645973205566406
0.017332077026367188
0.07932090759277344
0.01741814613342285
0.0056209564208984375
0.07189798355102539
0.0961008071899414
0.08435893058776855
0.03431081771850586
0.0890800952911377
0.017539024353027344
0.09380197525024414
0.07218790054321289
0.012148857116699219
0.030470848083496094
0.07947802543640137
0.07758402824401855
0.07524418830871582
0.04052877426147461
0.05234384536743164
0.06102299690246582
0.0365140438079834
0.012337207794189453
0.06599092483520508
0.061849117279052734
0.03776907920837402
0.023938894271850586
0.046885013580322266
0.09829401969909668
0.03543710708618164
0.09622907638549805
0.09615802764892578
0.04756784439086914
0.06859588623046875
0.10445213317871094
0.03736281394958496
0.060910940170288086
0.0279538631439209
0.017234086990356445
0.055718183517456055
0.06890702247619629
0.01891493797302246
0.03826403617858887
0.017021894454956055
0.10133194923400879
0.051442861557006836
0.1047518253326416
0.030909061431884766
0.017021894454956055
0.020457029342651367
0.07986927032470703
0.09924721717834473
0.07129406929016113
0.03740406036376953
0.05297517776489258
0.10256290435791016
0.03080010414123535
0.08415794372558594
0.01747417449951172
0.007112979888916016
0.040148019790649414
0.01131296157836914
0.04411792755126953
0.0310821533203125
0.0260012149810791
0.08838605880737305
0.03835582733154297
0.014639139175415039
0.07924890518188477
0.06649422645568848
0.07680416107177734
0.0392298698425293
0.07028794288635254
0.011596202850341797
0.045248985290527344
0.06885194778442383
0.04463005065917969
0.07219934463500977
0.05098080635070801
0.08632922172546387
0.01446676254272461
0.03334689140319824
0.07694005966186523
0.018058061599731445
0.09290599822998047
0.09760570526123047
0.05591297149658203
0.010185956954956055
0.025738000869750977
0.04430580139160156
0.03946995735168457
0.05187201499938965
0.03563690185546875
0.03641200065612793
0.10036301612854004
0.0766148567199707
0.03901100158691406
0.0856320858001709
0.05508089065551758
0.09673190116882324
0.021565914154052734
0.022495269775390625
0.09394001960754395
0.014999151229858398
0.0501399040222168
0.09063196182250977
0.04523587226867676
0.010265111923217773
0.05505204200744629
0.015462875366210938
0.015273809432983398
0.09591293334960938
0.07724118232727051
0.018149137496948242
0.07792901992797852
0.09063863754272461
0.05170416831970215
0.0826871395111084
0.0076029300689697266
0.06869292259216309
0.09212899208068848
0.02736806869506836
0.026512861251831055
0.037541866302490234
0.10289216041564941
0.08054018020629883
0.0850062370300293
0.09285616874694824
0.06414580345153809
0.017347097396850586
0.061820030212402344
0.02052617073059082
0.09377789497375488
0.03847694396972656
0.061868906021118164
0.10387921333312988
0.05373525619506836
0.022258281707763672
0.0294649600982666
0.08001089096069336
0.10160470008850098
0.057626962661743164
0.09697294235229492
0.011089086532592773
0.06799912452697754
0.10461807250976562
0.010960102081298828
0.041374921798706055
0.04049801826477051
0.06697487831115723
0.08887290954589844
0.06536126136779785
0.0342710018157959
0.08858489990234375
0.07115602493286133
0.07326197624206543
0.06151604652404785
0.04827523231506348
0.07509136199951172
0.08550500869750977
0.057373762130737305
0.0069272518157958984
0.046102046966552734
0.03578495979309082
0.03290104866027832
0.08150100708007812
0.08847498893737793
0.019552946090698242
0.10565805435180664
0.044656991958618164
0.05190110206604004
0.10236167907714844
0.096771240234375
0.015106916427612305
0.0696859359741211
0.0427250862121582
0.05181479454040527
0.0588071346282959
0.033560991287231445
0.0921628475189209
0.020869970321655273
0.026339054107666016
0.0660090446472168
0.09813189506530762
0.04436779022216797
0.05878186225891113
0.05545210838317871
0.04392409324645996
0.06996417045593262
0.013100624084472656
0.004190921783447266
0.035585880279541016
0.03981900215148926
0.10279607772827148
0.07628512382507324
0.02965521812438965
0.09177494049072266
0.09771108627319336
0.0497441291809082
0.01226496696472168
0.031726837158203125
0.07530808448791504
0.008368253707885742
0.034130096435546875
0.07353782653808594
0.07782816886901855
0.09838318824768066
0.10091996192932129
0.08208394050598145
0.013520002365112305
0.021218061447143555
0.008606195449829102
0.04979205131530762
0.03714418411254883
0.10061001777648926
0.035925865173339844
0.013434886932373047
0.06499695777893066
0.06373000144958496
0.07812190055847168
0.07755088806152344
0.011572122573852539
0.08804798126220703
0.032678842544555664
0.06096506118774414
0.07274389266967773
0.026935815811157227
0.06815505027770996
0.04913687705993652
0.014279842376708984
0.01572394371032715
0.060192108154296875
0.02634596824645996
0.08588218688964844
0.060080766677856445
0.014403104782104492
0.10283017158508301
0.06821608543395996
0.011161088943481445
0.09007620811462402
0.0866401195526123
0.08318591117858887
0.06826996803283691
0.012525081634521484
0.04148292541503906
0.03953194618225098
0.05550408363342285
0.016511917114257812
0.10120487213134766
0.03846883773803711
0.029031991958618164
0.08686089515686035
0.03596091270446777
0.06705880165100098
0.04822707176208496
0.09947872161865234
0.0666501522064209
0.09224605560302734
0.09604525566101074
0.0978848934173584
0.02373814582824707
0.09844613075256348
0.06285214424133301
0.07686686515808105
0.04368019104003906
0.08544731140136719
0.09329986572265625
0.005370140075683594
0.016858816146850586
0.05725908279418945
0.09108304977416992
0.09637618064880371
0.022272109985351562
0.06831693649291992
0.0971839427947998
0.03879904747009277
0.08259320259094238
0.0925440788269043
0.07429194450378418
0.06689095497131348
0.05487704277038574
0.0735926628112793
0.04963421821594238
0.06709074974060059
0.07885217666625977
0.04145097732543945
0.05157589912414551
0.039726972579956055
0.025111913681030273
0.07061195373535156
0.020030975341796875
0.03698992729187012
0.09747099876403809
0.06859087944030762
0.039855241775512695
0.022364139556884766
0.03631782531738281
0.00966501235961914
0.03990602493286133
0.03160810470581055
0.03538799285888672
0.034546852111816406
0.041339874267578125
0.011916160583496094
0.09997725486755371
0.01336979866027832
0.016478300094604492
0.014239072799682617
0.04960513114929199
0.018259048461914062
0.07735228538513184
0.08124804496765137
0.07370901107788086
0.07553625106811523
0.05234718322753906
0.0776979923248291
0.10442709922790527
0.08586406707763672
0.05802631378173828
0.013030052185058594
0.044631004333496094
0.06307101249694824
0.07266521453857422
0.057392120361328125
0.011580944061279297
0.07505989074707031
0.08994722366333008
0.011631965637207031
0.06686615943908691
0.012265920639038086
0.08944320678710938
0.008595943450927734
0.0624239444732666
0.010445833206176758
0.04014110565185547
0.07307004928588867
0.022435903549194336
0.09476280212402344
0.016029834747314453
0.03272390365600586
