0.09622883796691895
0.002679109573364258
0.005249977111816406
0.0017480850219726562
0.014646053314208984
0.0015821456909179688
0.0013692378997802734
0.001374959945678711
0.0013577938079833984
0.0015680789947509766
0.0014503002166748047
0.001416921615600586
0.0013308525085449219
0.001688241958618164
0.001415252685546875
0.0013980865478515625
0.0012979507446289062
0.0013129711151123047
0.0012989044189453125
0.001331329345703125
0.0013842582702636719
0.0012748241424560547
0.0012581348419189453
0.0012600421905517578
0.0012860298156738281
0.0012230873107910156
0.0012481212615966797
0.0012898445129394531
0.00127410888671875
0.001302957534790039
0.0012629032135009766
0.0012640953063964844
0.0012819766998291016
0.00127410888671875
0.001280069351196289
0.0012769699096679688
0.0012319087982177734
0.0012669563293457031
0.0013000965118408203
0.0014560222625732422
0.0013880729675292969
0.0013587474822998047
0.0013530254364013672
0.0013120174407958984
0.0013589859008789062
0.0013000965118408203
0.0012962818145751953
0.0013020038604736328
0.0012791156768798828
0.0012390613555908203
0.0012769699096679688
0.001332998275756836
0.0012412071228027344
0.0012416839599609375
0.001264810562133789
0.0014150142669677734
0.0012578964233398438
0.0012650489807128906
0.0012333393096923828
0.0012600421905517578
0.001260995864868164
0.0012409687042236328
0.0013759136199951172
0.0012707710266113281
0.0012691020965576172
0.0012352466583251953
0.0012278556823730469
0.0012390613555908203
0.0014867782592773438
0.0015170574188232422
0.001461029052734375
0.0014400482177734375
0.0013239383697509766
0.0013811588287353516
0.00145721435546875
0.0014221668243408203
0.0013670921325683594
0.0012769699096679688
0.0012629032135009766
0.0013289451599121094
0.0015151500701904297
0.0014960765838623047
0.0014231204986572266
0.00150299072265625
0.0014109611511230469
0.001497030258178711
0.0013821125030517578
0.0014400482177734375
0.0013670921325683594
0.001386880874633789
0.001417398452758789
0.001383066177368164
0.0014467239379882812
0.0014691352844238281
0.0013129711151123047
0.0013461112976074219
0.0013790130615234375
0.0013570785522460938
0.0013668537139892578
0.0013587474822998047
0.0013608932495117188
0.0014030933380126953
0.0014357566833496094
0.0015799999237060547
0.0014972686767578125
0.0014438629150390625
0.001476287841796875
0.0014390945434570312
0.001477956771850586
0.0015289783477783203
0.0015177726745605469
0.0014309883117675781
0.0015399456024169922
0.0013539791107177734
0.0013387203216552734
0.0013060569763183594
0.0013990402221679688
0.0012650489807128906
0.0012600421905517578
0.0013039112091064453
0.001316070556640625
0.0012979507446289062
0.0012581348419189453
0.0012888908386230469
0.0012612342834472656
0.0012669563293457031
0.001232147216796875
0.0013060569763183594
0.0012900829315185547
0.0012578964233398438
0.0012888908386230469
0.0013072490692138672
0.0012099742889404297
0.0012340545654296875
0.001264810562133789
0.0012311935424804688
0.0012028217315673828
0.0012683868408203125
0.0012340545654296875
0.0012316703796386719
0.0012919902801513672
0.001260995864868164
0.0012447834014892578
0.0012600421905517578
0.0014116764068603516
0.0012328624725341797
0.0012519359588623047
0.0013401508331298828
0.0013260841369628906
0.0012569427490234375
0.0013070106506347656
0.0012471675872802734
0.001232147216796875
0.0012867450714111328
0.0012738704681396484
0.0012972354888916016
0.0012669563293457031
0.0012249946594238281
0.0012710094451904297
0.0012569427490234375
0.0012359619140625
0.0012960433959960938
0.00125885009765625
0.0013039112091064453
0.0012311935424804688
0.0012879371643066406
0.0013806819915771484
0.0013289451599121094
0.0016150474548339844
0.001394033432006836
0.001363992691040039
0.0013210773468017578
0.001332998275756836
0.0012979507446289062
0.0013120174407958984
0.001283884048461914
0.0013089179992675781
0.001252889633178711
0.0012760162353515625
0.0012507438659667969
0.0012218952178955078
0.0012388229370117188
0.0012819766998291016
0.0012447834014892578
0.0012640953063964844
0.0012309551239013672
0.0012028217315673828
0.0012998580932617188
0.0011858940124511719
0.0011358261108398438
0.0011801719665527344
0.002565145492553711
0.0013151168823242188
0.0012731552124023438
0.0013821125030517578
0.0012230873107910156
0.0012841224670410156
0.0012621879577636719
0.0012640953063964844
0.0012557506561279297
0.0012309551239013672
0.0012710094451904297
0.0012590885162353516
0.0013110637664794922
0.0012841224670410156
0.0013270378112792969
0.0012447834014892578
0.0012369155883789062
0.0012629032135009766
0.0011911392211914062
0.0013270378112792969
0.0011870861053466797
0.0012669563293457031
0.0012958049774169922
0.017515897750854492
0.0016126632690429688
0.004745006561279297
0.0014729499816894531
0.0013871192932128906
0.0012879371643066406
0.0012977123260498047
0.0012650489807128906
0.0012669563293457031
0.0015637874603271484
0.0012898445129394531
0.0012271404266357422
0.0012128353118896484
0.0011630058288574219
0.0012307167053222656
0.001219034194946289
0.0012362003326416016
0.0011970996856689453
0.0011909008026123047
0.0011439323425292969
0.0011858940124511719
0.00115203857421875
0.0011899471282958984
0.0011560916900634766
0.0011882781982421875
0.0013020038604736328
0.0012569427490234375
0.001165628433227539
0.0011620521545410156
0.0012087821960449219
0.0011839866638183594
0.001283884048461914
0.001207113265991211
0.0011899471282958984
0.0011620521545410156
0.0011200904846191406
0.0012078285217285156
0.0011610984802246094
0.0011289119720458984
0.0011789798736572266
0.0011758804321289062
0.0011529922485351562
0.0011546611785888672
0.0011510848999023438
0.0011556148529052734
0.0011322498321533203
0.0011320114135742188
0.0010907649993896484
0.0011730194091796875
0.0012118816375732422
0.0011210441589355469
0.0011699199676513672
0.0011463165283203125
0.0011131763458251953
0.00115203857421875
0.0011699199676513672
0.0011560916900634766
0.0011641979217529297
0.0011899471282958984
0.0011479854583740234
0.0011930465698242188
0.0011670589447021484
0.0011639595031738281
0.0011529922485351562
0.001161813735961914
0.0011339187622070312
0.0011839866638183594
0.0011630058288574219
0.0012369155883789062
0.001194000244140625
0.0012760162353515625
0.0012099742889404297
0.0012412071228027344
0.0012500286102294922
0.0011930465698242188
0.0011823177337646484
0.001116037368774414
0.0012009143829345703
0.001138925552368164
0.0010890960693359375
0.0011489391326904297
0.0011677742004394531
0.0011882781982421875
0.0011782646179199219
0.0011572837829589844
0.00109100341796875
0.0011179447174072266
0.001157999038696289
0.0011608600616455078
0.0012049674987792969
0.0011491775512695312
0.0011987686157226562
0.0011432170867919922
0.0012421607971191406
0.001155853271484375
0.0011832714080810547
0.0011489391326904297
0.0012631416320800781
0.0011897087097167969
0.001171112060546875
0.0011792182922363281
0.0010998249053955078
0.0011820793151855469
0.0011682510375976562
0.0012428760528564453
0.0012748241424560547
0.0012123584747314453
0.0012061595916748047
0.0011620521545410156
0.0011630058288574219
0.0011289119720458984
0.0011539459228515625
0.0011892318725585938
0.0012810230255126953
0.0012049674987792969
0.0011928081512451172
0.0012159347534179688
0.001196146011352539
0.001199960708618164
0.0011680126190185547
0.0011599063873291016
0.00109100341796875
0.0011782646179199219
0.0011661052703857422
0.0011560916900634766
0.0011472702026367188
0.001138925552368164
0.0012919902801513672
0.0012140274047851562
0.0011768341064453125
0.0011980533599853516
0.0011687278747558594
0.001180887222290039
0.0011620521545410156
0.0012149810791015625
0.0011911392211914062
0.0012280941009521484
0.0011682510375976562
0.0011982917785644531
0.0011878013610839844
0.0019080638885498047
0.001447916030883789
0.0012769699096679688
0.0012159347534179688
0.0011959075927734375
0.0012428760528564453
0.0011560916900634766
0.0011570453643798828
0.0011861324310302734
0.0011398792266845703
0.0011441707611083984
0.0011739730834960938
0.0011341571807861328
0.0010941028594970703
0.0010929107666015625
0.0011658668518066406
0.001188039779663086
0.0011432170867919922
0.0011436939239501953
0.0011446475982666016
0.0010929107666015625
0.0011298656463623047
0.0011451244354248047
0.0011382102966308594
0.0011529922485351562
0.0011820793151855469
0.0011739730834960938
0.0011682510375976562
0.0011641979217529297
0.0011591911315917969
0.0011570453643798828
0.0016379356384277344
0.0012388229370117188
0.0012118816375732422
0.0011720657348632812
0.0011217594146728516
0.001116037368774414
0.0011601448059082031
0.001148223876953125
0.0011501312255859375
0.0011572837829589844
0.0011513233184814453
0.0010988712310791016
0.0010828971862792969
0.0011641979217529297
0.0011723041534423828
0.0011861324310302734
0.0011341571807861328
0.0011560916900634766
0.0012679100036621094
0.0011620521545410156
0.0011069774627685547
0.0011298656463623047
0.00116729736328125
0.0011708736419677734
0.0011610984802246094
0.0013151168823242188
0.0012149810791015625
0.0011830329895019531
0.0011889934539794922
0.0011751651763916016
0.001148223876953125
0.0011451244354248047
0.0011739730834960938
0.0011169910430908203
0.001184701919555664
0.001188039779663086
0.0011379718780517578
0.0011708736419677734
0.0011501312255859375
0.0011601448059082031
0.0012068748474121094
0.0014410018920898438
0.0011818408966064453
0.0011858940124511719
0.0011897087097167969
0.001168966293334961
0.0011262893676757812
0.0011699199676513672
0.001168966293334961
0.0011529922485351562
0.001123666763305664
0.0011699199676513672
0.0011639595031738281
0.0011601448059082031
0.0011510848999023438
0.001142740249633789
0.0011208057403564453
0.0011603832244873047
0.0012009143829345703
0.0011949539184570312
0.0011699199676513672
0.0012209415435791016
0.0011548995971679688
0.0011801719665527344
0.001135110855102539
0.001148223876953125
0.0011820793151855469
0.0011382102966308594
0.001180887222290039
0.0011909008026123047
0.0011608600616455078
0.0011591911315917969
0.0011992454528808594
0.0012059211730957031
0.0011839866638183594
0.0011892318725585938
0.0011279582977294922
0.0011560916900634766
0.0011248588562011719
0.0011937618255615234
0.001184225082397461
0.001154184341430664
0.0011479854583740234
0.0011479854583740234
0.0011839866638183594
0.0011980533599853516
0.0011959075927734375
0.0011730194091796875
0.001194000244140625
0.0011970996856689453
0.0011749267578125
0.0012378692626953125
0.0012080669403076172
0.0011742115020751953
0.0011980533599853516
0.0011799335479736328
0.0011909008026123047
0.0011761188507080078
0.0011241436004638672
0.0011839866638183594
0.0011391639709472656
0.0010900497436523438
0.0011391639709472656
0.00109100341796875
0.0011758804321289062
0.0013718605041503906
0.0012128353118896484
0.0011670589447021484
0.0011408329010009766
0.0011420249938964844
0.0011780261993408203
0.0011799335479736328
0.0011518001556396484
0.0011911392211914062
0.0011403560638427734
0.0011451244354248047
0.0011818408966064453
0.0011491775512695312
0.0011749267578125
0.0011429786682128906
0.0011630058288574219
0.0011131763458251953
0.0011909008026123047
0.0011439323425292969
0.0011339187622070312
0.0012960433959960938
0.0011339187622070312
0.0011341571807861328
0.0011451244354248047
0.0011131763458251953
0.0011529922485351562
0.0011410713195800781
0.0011849403381347656
0.0011682510375976562
0.001177072525024414
0.0011556148529052734
0.0011620521545410156
0.001168966293334961
0.0011730194091796875
0.0012619495391845703
0.0011730194091796875
0.0011947154998779297
0.0011429786682128906
0.0011868476867675781
0.0011641979217529297
0.0011548995971679688
0.0011639595031738281
0.0011751651763916016
0.001165151596069336
0.0011630058288574219
0.001194000244140625
0.0011639595031738281
0.0012700557708740234
0.0011801719665527344
0.0011560916900634766
0.0012280941009521484
0.00115203857421875
0.0011830329895019531
0.0011818408966064453
0.001165151596069336
0.0011227130889892578
0.0011398792266845703
0.001238107681274414
0.0011560916900634766
0.0011620521545410156
0.0011529922485351562
0.0011699199676513672
0.001107931137084961
0.0011472702026367188
0.0012123584747314453
0.0013041496276855469
0.0011560916900634766
0.0011620521545410156
0.0011560916900634766
0.001119852066040039
0.0012311935424804688
0.0011429786682128906
0.001161813735961914
0.001165151596069336
0.0011491775512695312
0.001177072525024414
0.0011489391326904297
0.0011341571807861328
0.0011417865753173828
0.0011363029479980469
0.0012180805206298828
0.001190185546875
0.0012359619140625
0.0011849403381347656
0.0011780261993408203
0.00113677978515625
0.0011610984802246094
0.0011570453643798828
0.0011839866638183594
0.0011670589447021484
0.001168966293334961
0.0011191368103027344
0.001180887222290039
0.0011508464813232422
0.0011489391326904297
0.0013229846954345703
0.00133514404296875
0.001234292984008789
0.0012140274047851562
0.0012280941009521484
0.0012607574462890625
0.0012099742889404297
0.001199960708618164
0.0011970996856689453
0.0012090206146240234
0.001194000244140625
0.0011970996856689453
0.0011529922485351562
0.001180887222290039
0.001165151596069336
0.001148223876953125
0.0010981559753417969
0.001184225082397461
0.0011761188507080078
0.0012118816375732422
0.0011439323425292969
0.0011601448059082031
0.0011801719665527344
0.0011889934539794922
0.0011813640594482422
0.0011518001556396484
0.0011410713195800781
0.0011279582977294922
0.001177072525024414
0.0011739730834960938
0.0011839866638183594
0.0011379718780517578
0.001194000244140625
0.0011670589447021484
0.0011959075927734375
0.0012159347534179688
0.001161813735961914
0.0011630058288574219
0.0011410713195800781
0.0011780261993408203
0.0012011528015136719
0.0011582374572753906
0.001138925552368164
0.0011358261108398438
0.0011572837829589844
0.0011379718780517578
0.0011608600616455078
0.0011467933654785156
0.0011441707611083984
0.0011670589447021484
0.0011532306671142578
0.0012459754943847656
0.0011479854583740234
0.0011749267578125
0.0011441707611083984
0.0010890960693359375
0.0011410713195800781
0.0011448860168457031
0.0011730194091796875
0.0011420249938964844
0.001138925552368164
0.0011639595031738281
0.0011570453643798828
0.0011148452758789062
0.001085042953491211
0.0011267662048339844
0.0011060237884521484
0.0012049674987792969
0.0011188983917236328
0.0011882781982421875
0.0011589527130126953
0.0011508464813232422
0.0011539459228515625
0.0011799335479736328
0.0011699199676513672
0.0011250972747802734
0.0010898113250732422
0.0011250972747802734
0.0011777877807617188
0.0011630058288574219
0.0011820793151855469
0.0011410713195800781
0.0011758804321289062
0.0012097358703613281
0.0012269020080566406
0.001154184341430664
0.0011632442474365234
0.0011508464813232422
0.00128173828125
0.0012249946594238281
0.001268148422241211
0.0012471675872802734
0.0012018680572509766
0.0012149810791015625
0.0012118816375732422
0.0011470317840576172
0.0011219978332519531
0.0011670589447021484
0.001146078109741211
0.0011417865753173828
0.0011761188507080078
0.0011830329895019531
0.0011188983917236328
0.0011539459228515625
0.0011432170867919922
0.0012180805206298828
0.0011811256408691406
0.00113677978515625
0.0011358261108398438
0.0011830329895019531
0.0011532306671142578
0.0011267662048339844
0.0011777877807617188
0.0011577606201171875
0.0011539459228515625
0.0012259483337402344
0.0011789798736572266
0.0011451244354248047
0.0011191368103027344
0.0011730194091796875
0.0011420249938964844
0.0011639595031738281
0.0011661052703857422
0.0013117790222167969
0.0011410713195800781
0.001196146011352539
0.0011441707611083984
0.0011820793151855469
0.0011730194091796875
0.0011358261108398438
0.0011639595031738281
0.001207113265991211
0.0011713504791259766
0.0011479854583740234
0.001180887222290039
0.0011746883392333984
0.001149892807006836
0.0011811256408691406
0.0011668205261230469
0.0011548995971679688
0.0011126995086669922
0.0011458396911621094
0.001171112060546875
0.0011439323425292969
0.001161336898803711
0.0011458396911621094
0.0012438297271728516
0.0012998580932617188
0.0011868476867675781
0.0011789798736572266
0.0011410713195800781
0.0011167526245117188
0.0011851787567138672
0.0011420249938964844
0.001094818115234375
0.0011661052703857422
0.0011401176452636719
0.0011210441589355469
0.0011479854583740234
0.0011179447174072266
0.001112222671508789
0.0011479854583740234
0.001161813735961914
0.0011394023895263672
0.0011539459228515625
0.0011341571807861328
0.0011980533599853516
0.001188039779663086
0.0011508464813232422
0.0011818408966064453
0.0012197494506835938
0.0011768341064453125
0.001154184341430664
0.0011630058288574219
0.0012009143829345703
0.0014357566833496094
0.0013549327850341797
0.0012080669403076172
0.0012271404266357422
0.0012521743774414062
0.0012080669403076172
0.001172780990600586
0.0011539459228515625
0.0012161731719970703
0.0011210441589355469
0.0010907649993896484
0.001168966293334961
0.0013349056243896484
0.0011951923370361328
0.0012218952178955078
0.0011739730834960938
0.00115203857421875
0.0011532306671142578
0.0011570453643798828
0.0010962486267089844
0.0011661052703857422
0.001135110855102539
0.001188039779663086
0.0011551380157470703
0.0011730194091796875
0.0011320114135742188
0.0011348724365234375
0.0011038780212402344
0.0011508464813232422
0.0011551380157470703
0.0011577606201171875
0.0011811256408691406
0.0011649131774902344
0.001123666763305664
0.001194000244140625
0.0011982917785644531
0.00116729736328125
0.0011878013610839844
0.0011620521545410156
0.001188039779663086
0.0012369155883789062
0.001168966293334961
0.0011332035064697266
0.001119852066040039
0.0011687278747558594
0.001168966293334961
0.0011739730834960938
0.0011599063873291016
0.0011701583862304688
0.0011258125305175781
0.0011570453643798828
0.001127004623413086
0.0011720657348632812
0.0011699199676513672
0.0011780261993408203
0.0011661052703857422
0.0011661052703857422
0.0011701583862304688
0.0012040138244628906
0.0011289119720458984
0.0012428760528564453
0.0012099742889404297
0.0011639595031738281
0.0011479854583740234
0.001180887222290039
0.0011260509490966797
0.0011830329895019531
0.0011849403381347656
0.0011739730834960938
0.0011513233184814453
0.0011701583862304688
0.001168966293334961
0.0011477470397949219
0.0011529922485351562
0.00115203857421875
0.0011088848114013672
0.0011630058288574219
0.0011479854583740234
0.0011560916900634766
0.0011827945709228516
0.0011487007141113281
0.0011272430419921875
0.001180887222290039
0.001135110855102539
0.001138925552368164
0.0011761188507080078
0.0011162757873535156
0.0012238025665283203
0.001149892807006836
0.001138925552368164
0.0011670589447021484
0.0011379718780517578
0.001199960708618164
0.001154184341430664
0.001142740249633789
0.0011489391326904297
0.001157999038696289
0.0011551380157470703
0.0012009143829345703
0.0011932849884033203
0.0011408329010009766
0.0011739730834960938
0.0011782646179199219
0.0011420249938964844
0.0011489391326904297
0.00116729736328125
0.0011560916900634766
0.0011529922485351562
0.0011718273162841797
0.001135110855102539
0.0011649131774902344
0.0011188983917236328
0.0010919570922851562
0.00115203857421875
0.0011560916900634766
0.0012671947479248047
0.0011777877807617188
0.001194000244140625
0.001300811767578125
0.001146078109741211
0.0012068748474121094
0.001171112060546875
0.001157999038696289
0.001123666763305664
0.0011000633239746094
0.0011661052703857422
0.001168966293334961
0.001148223876953125
0.0011420249938964844
0.0011467933654785156
0.00115203857421875
0.0011739730834960938
0.0012209415435791016
0.0011439323425292969
0.0011892318725585938
0.0011887550354003906
0.0011777877807617188
0.0011510848999023438
0.001260995864868164
0.0011179447174072266
0.001123189926147461
0.001215219497680664
0.001188039779663086
0.0012009143829345703
0.0011920928955078125
0.0011518001556396484
0.0011701583862304688
0.0011348724365234375
0.0011799335479736328
0.0011417865753173828
0.0011348724365234375
0.001171112060546875
0.001157999038696289
0.0011777877807617188
0.0011799335479736328
0.0011398792266845703
0.0011661052703857422
0.001132965087890625
0.0011529922485351562
0.0011699199676513672
0.0011739730834960938
0.0011429786682128906
0.0011310577392578125
0.0012211799621582031
0.0011620521545410156
0.0011827945709228516
0.0011911392211914062
0.0011641979217529297
0.0011138916015625
0.0011241436004638672
0.0011630058288574219
0.001172780990600586
0.0011792182922363281
0.0011479854583740234
0.0011599063873291016
0.0011169910430908203
0.0011661052703857422
0.0011658668518066406
0.0011899471282958984
0.001165151596069336
0.0011441707611083984
0.0011489391326904297
0.0012142658233642578
0.0011336803436279297
0.0011458396911621094
0.001168966293334961
0.0011372566223144531
0.0011169910430908203
0.0011479854583740234
0.0011141300201416016
0.00115203857421875
0.0010957717895507812
0.001177072525024414
0.0011479854583740234
0.0012001991271972656
0.001190185546875
0.0011479854583740234
0.0011010169982910156
0.0011148452758789062
0.0011718273162841797
0.00115203857421875
0.001150369644165039
0.0011661052703857422
0.0011348724365234375
0.0011780261993408203
0.0011258125305175781
0.0011830329895019531
0.0010960102081298828
0.0011589527130126953
0.0011849403381347656
0.0011839866638183594
0.0011510848999023438
0.0011458396911621094
0.0011637210845947266
0.0011582374572753906
0.0011668205261230469
0.0011432170867919922
0.0011777877807617188
0.0011610984802246094
0.0011799335479736328
0.0011529922485351562
0.0011060237884521484
0.0011448860168457031
0.0011262893676757812
0.0011529922485351562
0.0011570453643798828
0.0011241436004638672
0.0012111663818359375
0.001172780990600586
0.0011379718780517578
0.0011458396911621094
0.0011599063873291016
0.001188039779663086
0.0011529922485351562
0.001199960708618164
0.0011610984802246094
0.0011637210845947266
0.0011491775512695312
0.001171112060546875
